data/nc22_OST50GRID_20230518/NC22.asc
ncols 200
nrows 200
xllcorner 220000
yllcorner 920000
cellsize 50
[rows 108 to 143 of 200, columns 80 to 159 of 200]
123 123.3 121.9 118.8 118.9 120.5 120.9 121.5 125.4 133.3 128.9 125.4 123.1 121.8 124 127.9 131.1 133.1 135.3 141.4 152.2 163.3 175.8 192.8 197.5 209.6 228.1 230.1 235.7 247.1 261 280.4 307 310 330.8 344.2 353.6 368.2 390.1 413.2 423.7 436.3 460.7 472 471.2 470.9 469.6 469 460.5 460.7 453.3 446.7 437.4 439.1 441.2 424.4 406.3 397.1 385.6 386.8 387.3 400.5 413.7 417.2 416.8 413.6 409.1 402.6 399.2 397.5 398.1 397.6 398.8 399.3 398.7 402.3 411.5 421.2 437.3 456.3
122 124 122.3 117 119.7 124.7 125.5 123.3 128 134.3 137.2 130 126 123.1 123 127.5 128.7 132.3 137.1 139.1 143.5 156.4 163.8 184.5 195.6 205.8 215.7 223 226.3 237.1 250.2 263.5 283.6 299.1 311.1 331.4 341.7 359.9 394.5 410.9 420 429.4 442.7 464.6 459.1 457.8 454.8 451.7 457.3 457.3 450.8 445.5 439.8 444.2 439.6 423.8 411 394.4 384.4 377 390.8 406.7 425.1 422.8 419.8 414.9 410.8 410.7 405.6 401.5 399.5 398.5 398.6 399.8 404 408 410.7 417.1 436.3 452.3
129.4 120.7 123.3 117.6 115.9 119.7 137.3 136.7 135.6 144.4 143.3 131.5 130 121.6 123.2 126.8 132.5 129.5 132.1 139.8 144.7 150.3 161.4 173.9 189.7 201.1 212 218.6 224.5 232.6 242 255.9 275.5 287.4 299.6 316.2 338.9 352.6 391.4 406.1 414.9 421.5 433.6 442.3 450.5 451.5 447.4 451.5 442.6 441 443.7 439.7 435.3 442.9 439.9 421.4 407.9 393.9 384.8 373.7 384.1 400.1 419.6 424.2 419.7 417.1 415.7 415.5 411.9 407.6 406.4 405.4 405.5 405.2 405.7 409.3 413.3 418.3 431.3 444.5
130.7 124 119.2 117.4 115.6 120.2 135.2 134.9 143.5 154 143.1 135.7 129.3 123.9 120.8 123.7 125.6 127.6 137.8 139.5 145.6 156.2 158.9 167.5 176.1 192.7 209.6 217.9 225.4 229.2 236.6 248.3 265 284.3 295.1 305.8 327.2 353.2 373.4 392.8 400.7 401.6 412.8 423.4 437.1 447.5 448.1 436.7 439.2 440 431 430.4 427.6 435.4 432.4 417.9 403.4 391 379.2 370.9 371.4 389.5 410.6 424.6 418.8 414.5 417.7 415 414.4 411.2 408.4 407.3 408 410.1 409.4 410.3 414.8 419.3 429.1 440.9
127.6 127.5 123.8 116.4 116.4 118.9 130.5 131.3 139 148.3 145.4 134 122.7 122.5 119.3 120.1 120.3 133.9 138.1 142.9 150.7 155.2 159.2 164.3 172.6 181.1 198.6 208.8 216.4 223.3 231.2 240.9 252.8 273.9 285.5 294.9 314.8 340.5 362.5 380.1 390.2 392.7 397.2 409.1 438.5 437.9 437.8 430.2 426.4 430.3 428.7 419.1 423.9 431.2 425.2 411.8 398.7 386.5 376.8 370.3 369.6 380.3 401.2 419.2 415.2 412 413 413.7 413.4 411.9 408.8 407.7 408.5 411.4 412.1 412.4 418.4 423.2 429.8 438.3
123.4 123.3 123 116.4 114 117.3 129.5 132.3 134.9 146.8 142.3 130 120.9 120.1 115.2 116.8 120 128.7 131.2 145.2 153.1 159.3 159.9 163.1 171.5 178.1 187.8 201.3 208.7 216.7 226.9 235.6 244.3 264 276.6 286.4 307.9 332.9 356.5 378 392.4 399.1 391.8 412.8 437.2 427.1 428.5 419.3 415.8 415.6 412.3 413.1 418.3 430.1 419.3 407.1 394.4 383.1 375.4 368.9 368.7 376.7 396.1 417.5 413.4 408.3 413.4 417.9 413.1 409.8 407.9 406.5 407.8 409.9 411.2 412.5 418.7 423.9 430.7 434.3
116.3 121.2 119.8 115.5 111.3 114.4 126.5 136.5 129.9 138.7 135.8 127.1 118.8 115.4 113.9 126.2 120.9 130.9 134 141.2 155.5 167.1 161.4 166.6 176.2 185.9 194.6 204.7 208.6 211.8 224.2 228.5 239.2 254.5 267.3 287.7 311.7 334 359.3 379.2 381.6 389.7 385.4 394 419.8 418.9 419.6 413.1 408.3 411.5 405.2 402.2 422.1 422 414.4 399 389 379.7 373.7 367.8 367.7 372.6 395.2 413.9 409.5 406.8 413.4 418.3 412.4 407.6 405.5 406 406.3 408.1 408.8 412.3 415.3 422.5 428.7 433.4
116.6 113.6 112.3 113.1 110.8 109.3 112.4 129.3 127.5 126 127.3 121.8 113.1 111.4 112.3 117 123 130.2 132.3 142.9 153.3 164.2 162.8 169.9 181 189.2 201.7 210.2 215.9 218.2 217.1 227.3 233.1 249.5 263.4 292.2 317.8 338.7 361.2 377.3 367.1 365.5 371.1 379.5 399.9 409.4 400.9 401.5 397.4 400 397 391.1 406.1 401.4 406.1 395.3 387.8 376 370.8 367.7 367.7 369.7 386.9 404.8 406.7 408.2 421.6 422.8 413.8 406.9 406.2 405.1 404.3 404.3 406.5 409.2 413.5 419.7 425.7 430.3
120 111.7 106.8 106.3 109.7 107.6 111.4 115.8 134 121.9 116.3 114.5 111.8 111.7 110.8 113.8 120.4 130.1 138.1 141.9 145.8 152 161.5 174.4 189.4 195 210.9 218.5 224.9 220.7 220.9 230.9 232 246.3 269.7 296.5 314.7 326.4 357.2 362.2 354.9 354.2 362.3 382.2 396.5 398.2 388.2 389.2 382.7 386.9 387.5 386.8 386.4 395 401.2 403.1 391.2 375.1 367.7 367.7 367.7 367.7 377.6 399.1 414.5 409.5 415.9 418.6 418.4 411.9 407.8 406.7 404.8 401.8 402 407.8 412 417.5 421.5 428.1
111 116.6 104.7 102.2 102.6 110.8 121 126.3 123.3 125.1 116.6 117 114.3 117.4 110 111.4 119.1 130.2 134.9 137.9 141.3 151 160.3 175.9 198.3 197.4 214.3 225.6 236.2 224.8 223.8 226.3 232.3 248.2 264.3 291 305.6 314 331.2 354.5 349.7 344.8 349 381.4 384.7 392.2 388 370.2 368.3 370.8 369.5 375.6 385.5 401 405.6 398.3 388.1 372.7 367.7 367.7 367.7 367.7 378.7 401.4 427.1 418.2 412.2 414 420.6 418.6 408.9 406.8 404.2 401.6 399.2 405 408.7 415.4 419.9 424.9
101.9 106.4 105.8 100.7 98.7 109.8 123.1 130.9 130.7 131.7 129.3 119.8 119 116.9 111.7 108 108.4 116.1 124.9 130.3 134.2 144.5 156 161.3 181.3 191.2 209.5 237.1 230.9 227.7 224.6 224.9 231.7 245.7 268.2 282.6 297.4 305.4 315.1 327.9 344 340.6 336.9 348.1 375.2 384.6 383.2 368.5 354.7 352.6 358.3 368.8 387.1 397.6 400.1 395 387.7 373.7 367.8 367.7 367.7 369.6 384.3 406.3 416.9 418.1 411.7 412.4 419.9 415.9 408.2 403.9 399.4 396.3 398.3 404.6 408.6 412 416.6 421.5
92.2 95.4 103.4 96.7 97.6 116.2 116.8 130.9 126.8 132.9 121 122.1 122 129.3 126.1 114.5 106 108.6 118.1 121.4 124.6 131.2 140.7 149.9 170.6 179.2 214.6 226.6 224.6 223.7 226.2 226 229.2 245.6 264.1 280.4 290.9 294.8 306.1 316.9 332.2 332.8 332.9 342.9 365 374.1 366.6 356.6 352.7 352.7 352.7 360.9 377.3 384.5 390.9 385.2 380.9 370.7 367.7 368.6 371.3 378.8 394.1 409 417.5 416.7 414.7 416.9 419.9 412.5 403.2 395.5 396 393 397.1 401.7 405.5 409 412.2 417.7
86.5 92.5 94.7 94.2 97.5 109.3 118.1 122.4 122.8 128.1 121.6 122.2 135.6 134.3 128 113.6 107 105.3 106.7 110.8 111.1 124.2 137.9 144.6 162.4 166.6 189.6 206.5 223.2 222.6 222.4 224.2 228.6 244.2 264.1 274.3 286.3 297.7 304.4 313.6 323.8 329.3 332.5 336.1 337.6 341.9 348.8 352.9 352.7 353 353.2 356.4 361.9 367.3 373.9 372.7 374.7 367.1 367.7 372.1 381.7 391 403.3 408.2 415.1 415.2 423.2 417.1 414.8 410.8 402.3 393.7 391.9 387.6 392.8 397.4 401.3 405.8 408.9 414.3
79.2 81.3 84.5 86.2 98.8 106.4 117.8 116.4 126.5 125.7 125.4 131.7 132.2 129 123.7 113.5 108.3 105.3 105.1 104.4 108.8 118.6 131 146.5 156.1 164.1 184.9 201 218.5 218.6 219.8 223.5 236.4 243.2 263.6 272.9 289 292.2 299 306.6 315.9 321.5 323.1 322.5 335.5 352 356.5 362 361.4 359.1 352.9 353.7 354.6 362.1 366.1 366.8 366 367.7 370.2 381.1 397.3 408.6 417.8 424.5 424.3 424.5 427 419.6 412.2 408.4 401.5 393.1 391.6 385.3 389.4 393.1 398.1 402.5 406.8 409.8
66.7 77.6 72.6 80.1 91.4 100.4 109.9 113.7 117.2 135.6 126.2 126.5 127.7 125.5 117.2 113 108.1 103.2 102.8 103.7 103.7 111.6 130.9 144.6 149.6 164.4 181.6 193.5 196.5 212.3 219.1 224 236.1 242.8 259.7 266.6 273.3 289.3 294.1 298.4 305.8 312.2 316.9 322.3 332 339.7 359.4 374.6 371.1 360.5 353.6 353.4 363.2 377.1 385.7 386.7 391.1 395.3 394.6 397.8 408.2 427.7 429 431.5 431 434.1 424.8 420.2 412.1 407 400.2 395.7 389.5 386.1 384 388.3 392.8 397.3 402.5 405.3
65.4 70.7 73.4 75 91 95.4 107.4 107.6 114.2 124.1 123.4 126 126.4 118.5 112.3 110.7 107.3 105.4 103.8 104.3 104.9 106.7 127 134.4 146.4 151.7 172.9 186.6 191.8 205.1 217.7 223.3 225.4 230 230.2 262.3 283.6 291 302.2 301.2 311 312.4 319.3 323.2 334.9 336.6 352.8 372.5 374.5 373.9 364.1 357.4 373.7 384.1 393.9 408.3 408.3 412.5 417.8 425 432.2 437.5 441 435.7 435.6 436.2 433.3 423.1 413.6 408.5 400.1 393.1 387.4 383.2 378.7 383.6 386.7 390.5 394.8 395.8
65.4 65.5 70.8 74.8 80.7 84.1 102 103 108.2 116.9 107.4 123.8 121.3 113.1 109.5 103.3 102.4 102.6 102.1 103.3 106.9 107.4 112.3 127.7 136.3 144.4 164.6 182.2 182 190.9 209.2 200.5 212.2 228.2 258.4 285 299.7 297.6 306 315.5 313.1 313.8 323.4 331.3 335.7 339 348.4 371.3 385.8 383.9 381.5 373.2 387.8 404.7 423 431.4 424.7 429.7 424.9 437.8 446.1 444.1 443.4 443.9 444.7 438.6 431.1 422.6 413.5 403.6 397.4 389.1 382 378.2 372.4 377.3 380.4 382.4 385.5 386.6
65.4 66.9 77.5 76.8 76.7 78.8 93.6 106.2 100.9 110.9 103.6 102.5 111.3 110.8 103.2 101.5 101.9 101.4 105.6 107.5 103.8 104.5 107.1 121.5 128.1 134 158.1 167.7 174.5 181.7 197.3 188.9 209.8 220.4 250.1 274.4 299.3 300.4 302.2 308.6 321.3 318.4 336.7 348.3 347.8 349.8 355.3 367.7 382.3 391.7 393.3 399.6 411.4 429.8 441.8 442.6 441 438 435.3 442.5 452 447.8 446.3 444.6 443.7 433.7 425.9 417 407.8 400.8 392 383.7 377.2 373.7 366.9 372.1 372.9 374.2 376.1 378.9
65.4 66.8 72.8 76.7 75.2 79.5 94.3 96.3 102.8 100.8 102.1 95.1 100.1 96.7 100.7 102 104.3 103 109.2 113.1 108 106.2 107.2 115.2 118.7 128.1 156.8 158.8 161.7 170.5 171.8 188.1 198.8 208.7 230.7 250.6 274 293.9 303.3 307.4 318.6 331.7 338.4 349.8 354 355.2 362.2 372.1 386.3 405.3 416.6 424.5 431.4 443.2 452.6 455.3 447 446.1 449.3 456.6 456 452.7 449.5 439.6 434.4 431.4 424.6 414.4 403.8 397.1 387.9 379.8 373.8 369.3 362.1 365.5 366.3 368.2 368.9 368.9
65.6 66.2 70.2 71.8 73.4 73.7 88.1 96 99.3 100.1 99.3 95.2 92.3 100.4 106.3 104.7 107.6 105.5 107.7 118.7 113 108.2 107 112.6 115.2 123.1 138.9 146.5 144.6 149.5 159.9 174.8 187 199.5 211.6 234.3 254.8 279.3 293.8 302.7 309.1 319.8 336.7 353.2 361.2 371.2 378.3 385.6 404.6 420 434.7 449.9 452.3 461.3 466 456.3 451.5 457.9 462.4 464 459.5 453.6 447.3 436.7 431.2 427.8 422.1 412.4 400.3 392.3 380.1 372.1 367.8 363.5 355.4 360 359.4 358.8 358.6 359.4
65.4 67.4 69 71 73.1 73.4 72.9 79.3 87.7 89.3 90.7 91.2 92.1 107.3 113.6 108.3 113.4 110.5 111.2 112.2 115.8 112.4 105.8 108.2 110.4 113.3 118.4 133.8 131.5 141.1 150.4 168.2 178.6 190.5 200.7 226.7 247.7 270 290.4 299.1 308.4 321.3 331.3 352.9 364.7 373.4 385.6 403.6 417.3 431.6 441.7 450.1 468.1 473.6 462.4 458.4 457.5 468.1 464.9 461.6 457.3 450 438 432.7 428.1 425.3 418.8 410 398.6 383.8 371.7 363.1 359.8 357 354 354.1 352.7 349.1 349.7 352
65.4 65.4 65.4 65.4 69 69.9 71.6 70.5 72.1 77.4 77 77.7 88.6 109.2 119.4 119.8 117.4 114.2 110.2 110.2 112.2 107 106.3 108 109.6 114 118.6 118.5 128 137.7 144.6 161.9 171.5 183.9 197.1 224.8 245.1 260.8 283.9 306.4 310.6 317.5 332.6 360.2 371.2 381.9 393.6 405.2 424.6 445 445.7 450 466.5 472.3 464 460.8 462.8 460.7 456.3 452.7 450.8 443.5 432.6 423 422.8 417.1 404.5 399 390 378.4 364.6 356.3 351.2 348.9 346.9 345.7 345.2 343 343.3 342.5
65.4 65.4 65.4 65.4 65.4 67 67.9 70.5 70.2 72.7 78.4 84.9 95.8 108 119.3 118.6 118 119.6 110.1 111.3 110.3 109.5 106.8 106.6 109.2 112.5 114.1 118.8 128 132 140.6 157.3 166 175.1 192.5 222 241.8 255.4 275.7 300.4 321.3 320.5 329.7 347.7 369.4 377.6 391.1 414.1 422.5 444.4 449.4 452.1 456.1 466.6 459.5 454.8 454.3 455.5 449.8 451.4 445.7 441.9 431.1 423.4 413.7 406 397.9 389.8 379.6 370.6 357.3 349 344 343.8 341.4 341 340.4 339 339.7 341.1
65.4 65.4 65.4 65.4 65.4 65.7 66.8 69.1 72.2 80.6 86.3 92.3 103.6 113.9 115 117.3 122.2 126.5 123.1 119.5 117.8 113.5 106.3 106.9 109.1 111.3 111.5 117.7 128.5 132.8 140.2 151.8 163.2 173.2 190.3 217.3 238.9 256.6 272 300 323.3 326.3 331.8 342.7 357.5 371.5 389.8 405.2 418.7 432.4 444.7 449 452 455.8 454.3 455.5 460.1 453.2 452.9 448.5 444 434.8 422.7 414.8 402.5 394.2 388.9 383.8 372.1 364.1 351.8 344 339.9 338.3 337.5 336.5 337.1 336.1 338 336.7
65.4 65.4 65.4 65.4 65.4 65.4 65.4 68.1 72.3 88.9 94.3 101.6 102.1 115.6 116.8 117.9 131.7 132 128.8 133.2 133.9 118.6 108.3 107.2 109.1 109.8 110.3 121.1 126.4 131.6 141.4 154.2 161.1 178.1 190.9 221.3 235.5 254.5 277 296.5 323.3 339.2 335.3 337.8 349.6 364.8 384.3 396.6 409.2 421 439.3 449.5 446.8 448.9 450.3 452.5 458.8 453.1 453.6 450.6 442.7 432.5 418.7 405.6 397.1 386.6 380.1 370.9 360.2 351.7 345.3 340.1 338.6 336.4 334.4 333.5 334.3 334.2 335.6 335.1
65.4 65.4 65.4 65.4 65.4 65.4 65.4 67.5 73.8 84.7 96.3 103.5 99.8 107.8 116.4 120.8 132.3 129.9 132.6 130.4 132.6 120.7 113.4 106.8 109.2 109.2 114.8 124 128.2 131.4 139.5 148.3 160.3 173.2 187.9 227.2 243.6 253.5 266.8 294.2 316.2 330.8 337.4 340.6 352.6 362.1 377.1 381.7 390.6 403.2 415.8 428.7 447.2 452 453.9 454.4 454.3 458.1 454.9 449.5 440.1 428.6 415.5 402.6 391.9 385.2 375.3 364.3 353.4 346 341.7 338.3 335.4 333 329.1 330 331.1 330.8 333.7 340.3
65.4 65.4 65.4 65.4 65.4 65.4 65.4 69.8 80.4 89.6 96.5 109.6 120.1 118.5 119.9 123.8 126.6 134.5 135.6 130.9 127.2 122.4 118.1 109.9 108.8 107.8 112.8 119.6 130.9 134.7 145.2 151.8 162.8 173.5 188.7 217.2 241.3 253 272.6 279.4 306.1 319.1 332.7 339.4 350.8 363.4 366.2 373.6 378.3 389.8 400.5 422.2 436.8 442.9 447 453.1 453.2 454.1 451.4 445.7 442.3 427.5 414.7 400.2 387.4 376.1 365.5 357.4 350.4 343.3 339 335 330.7 326.9 324.9 326.8 326.3 328.3 331.7 340.6
65.4 65.4 65.4 65.4 65.4 65.4 65.4 72.5 87.3 101.8 106.8 119 129.7 135.3 138.3 134.5 131.3 136.5 140.3 135.1 125.6 121.6 119.1 116.8 110.3 108.1 108.9 115.2 127.6 134.7 144.2 156.5 175 175.2 187.7 200.6 233.3 246 263.9 269.5 286.3 309.5 324 336.9 350.5 360.1 360.9 369.6 371.9 383.8 394.5 400.8 420.7 424 435.9 443.3 441 442 440.4 435.8 433.1 422.2 409.4 394.3 381.7 370.6 361.2 355.2 347.5 338.8 332 326.8 324.9 317.5 321.4 323.5 326.1 328.4 330.6 344.9
65.4 65.4 65.4 65.4 65.4 65.4 65.4 65.4 89.4 110.1 122.7 127.5 135.1 137.2 143.2 146.3 141.9 143.7 141.8 135.4 130.3 124.1 117.8 126.1 125.6 115.9 113.5 113.2 129.5 133.4 140.6 156.9 181.6 180.2 185.1 192.1 221.1 242.6 250.7 263.5 266.3 294.2 311.3 326 340.7 354 359.7 367.4 369.6 381.3 391.5 401.9 408 413.4 422 438.5 433.5 430.1 432.9 430.3 423.1 410.8 400 387.2 374.7 366.1 356.5 346.5 336.7 329.1 324.7 321 315.3 318.3 322.1 323.9 328.6 332.2 334.4 345.5
65.4 65.4 65.4 65.4 65.4 65.4 65.4 65.4 67.6 89.7 119.9 129.4 136 140.6 144.7 152.6 150.1 142.6 148.8 144.7 137.6 125.4 120 125.1 133.5 124.2 121.3 119 133.6 140.7 143.5 161.5 179.8 179.9 181.5 192.3 209.8 238.2 242.5 252 259.1 271.6 300.1 313.8 335.9 348.1 355.7 365.2 371 380.7 386.4 398.9 407.3 410 418.5 427.4 427.4 424.5 423 421.7 413.8 402 393.1 382.9 368.7 355.6 341.5 331.2 325.2 320.4 318.5 313.2 315.5 319.6 323.1 326.1 330.4 334.6 336.9 347.3
65.4 65.4 65.4 65.4 65.4 65.4 65.4 65.4 65.4 65.8 104.4 121.8 123.5 136.8 145.2 148.7 153.2 150 146.1 152.9 146.6 137.3 122.9 126.3 130.2 127.3 122.7 127.4 136.3 148.9 148.2 170.8 187.1 186 188.8 194.1 212.9 241.4 237 239.7 253.3 258.4 285.7 302.3 326.6 336.5 350 360.4 368.3 372.9 376.2 382.9 405.1 408.7 413.4 419 426.6 423.6 422.1 417.7 406 395.4 386.5 376.6 364.1 347 333.9 318.8 313 311.9 310.8 312.3 316.9 319.9 322.6 327.7 332 338.4 344.8 346.9
65.4 65.4 65.4 65.4 65.4 65.4 65.4 65.4 65.4 65.4 69.9 100.1 118.6 134.2 145.1 151 153.7 151 146.5 148.3 143.5 142.1 139.3 129.8 130.5 131.1 127.1 130.4 136.6 149.3 148.1 171.5 202.8 194.4 201.7 198.3 204.2 223.8 236 237.8 256.3 255 268 292.8 302.6 317.1 337.6 362.3 368.6 369.9 373 377.1 396.2 407.6 409.9 417 424.7 424.3 416.7 409.5 397 389.9 375.7 367.5 359.5 338.3 321.5 310.3 300.4 302.1 304.2 313.5 318.3 319.3 323.5 331.6 337.9 348.5 358.7 360.7
65.4 65.4 65.4 65.4 65.4 65.4 65.4 65.4 65.4 65.4 65.4 78.6 99.3 127.8 143.7 147.9 153.2 148.6 145.9 145.3 144.6 144 142.5 137.7 130.1 132.1 128.8 131 137.2 148.3 151.9 169.6 196.4 197.4 210.5 201 210.6 213.9 233.7 239.7 249.1 254.2 265.8 272.4 287.6 306.9 322.9 341.2 365.4 368.9 375.6 374.4 377.9 397 411.3 412.6 412.8 421.6 419.7 405.5 395 378.5 363.8 354.3 344.5 326.9 313 304.7 299.2 307.7 311.4 313.5 316.3 320 329.7 334.8 348.9 367.1 373.6 373.6
65.4 65.4 65.4 65.4 65.4 65.4 65.4 65.4 65.4 65.4 70 73.7 85.9 108.7 127.6 141.6 146.8 148.9 151.5 152.9 145.3 145.9 148.7 148.8 140.3 131 135.1 137.6 140 144.5 158.2 175.6 203.2 221.3 217.4 205.7 218.1 217.6 246.3 237.5 245.8 253.8 253.4 273.4 279.9 293.4 310.8 325.7 357.6 364.6 365.1 371.3 378.3 384.5 399.3 400.2 397.8 413.4 412.3 398.4 384.6 370.4 359.8 347 328.4 314.4 304 292 300 311.3 315.7 314.1 316.2 318.4 329.5 338.1 354.3 370.8 384.5 392.5
65.4 65.4 65.4 65.4 65.4 65.4 65.4 65.4 65.4 65.4 65.4 74.5 76.5 92.9 107.6 126.6 138.8 148.2 146.3 153.6 154.4 155 155.8 156.3 150.6 137.9 141 141.5 141.8 147.4 164 184.1 207.4 223.1 219.8 208 215.7 223.7 246 241.2 241.6 246.6 258.1 268.5 275.3 285.7 300.5 314.1 336 366 360.6 370.5 385.3 381.4 383.7 384.6 381.8 400.9 401.4 390.4 374.4 364.6 349.7 331.5 318.3 305.7 292.2 286.5 310 315.2 317.1 314.1 314.8 319.1 327.6 339 355.4 368.4 394 411.2
65.4 65.4 65.4 65.4 65.4 65.4 65.4 65.4 65.4 65.4 65.4 69.7 79.6 81.2 90.7 100.8 124.7 141.7 141.3 149.7 155.9 154.4 159.9 159.9 158.6 148.7 146.3 151.9 145.2 148.2 158.4 185.5 201.7 226.4 226.6 212 214.7 229 236.3 251.3 244.2 245.2 250.2 267.5 276.9 286.8 294 306.2 326.5 340.9 358.6 365 374.6 369.7 372.3 377 369.8 378.9 384.4 380.5 369.6 351.3 333.4 318 307.2 295.2 281.1 297.8 315 323 317.8 315.1 315.6 320.6 328 344.1 369.4 381.9 404.1 431.5
