data/nc22_OST50GRID_20230518/NC22.asc
ncols 200
nrows 200
xllcorner 220000
yllcorner 920000
cellsize 50
[rows 36 to 71 of 200, columns 0 to 79 of 200]
551.6 590.9 645.4 692.8 706.4 666.9 624.4 577 532.7 499.7 476.4 439.1 429.3 426.3 425.9 425.9 425.9 425.9 425.9 425.9 425.9 427.2 428.4 428.3 426.3 421.5 415.6 407.7 392 379.5 375.7 363.3 360.6 353.2 345.6 339 334.6 332.2 326.3 319.1 314.3 314.1 304.8 299.5 293.7 288.6 285.2 283.7 279.2 276.5 278.3 286.9 301.1 298.3 301.6 303.6 307.4 316.3 314.3 312.2 308.4 300 293.2 281.6 278.8 278.3 275.8 271.7 266.7 263.7 261.1 259.9 260.4 260.8 262.5 267.9 272.2 275.3 276.5 279
548.2 607.2 651.7 682.5 687.5 672.2 632.7 589 564.3 521 487.8 453.9 438.2 428 425.9 425.9 425.9 425.9 425.9 425.9 425.9 426.5 428.3 427.9 425.1 420.5 413.5 399.3 386.3 379.8 374.2 369.9 362.3 354.2 348 338.6 335.4 334.9 330.2 326 324.8 321.2 310.7 308.4 303 299.7 290.3 285.4 283.4 285 292.1 315.7 312.7 306.5 304.4 307.8 315.8 320 316.4 315.1 307 298.3 289.6 279.8 276.6 275.4 272.7 269.1 264.1 263.2 261.1 261.3 261 264.4 266.9 270.8 277.7 284.5 283.7 283.1
570.4 612.6 636.3 668.2 671.6 668.6 647.2 637.6 601.7 553.2 507.3 472.7 453.2 438.7 429.8 425.9 425.9 425.9 425.9 425.9 425.9 425.9 426.5 425.6 422 412.3 401.3 389.6 384.9 381 377.4 370.7 364.3 359.7 353.8 348.2 345.2 339.7 334.1 330.5 329 329.9 318.8 307.7 306.8 302.3 296.9 292 294.8 298.4 312.5 316.3 311.1 305 306.8 312.8 317.6 318.1 320.5 314.2 304.9 296.8 286.9 277.1 274.1 273.6 271.5 265.7 262.4 260.5 260 262.9 263.6 268.8 270.4 277.7 280.5 287.9 288.1 290.8
558.1 593.4 615.6 643.4 655.5 658.1 654.7 655.2 626.7 572.6 542.5 500.1 476.6 457.3 444.3 437.3 435.5 434.1 432.5 428.7 428.9 427.9 422.8 417.8 411.1 403.2 394 389.6 384.7 379.5 375.2 371.3 367.3 363.9 360.6 353.8 351.2 346.4 337.6 332.9 329.1 335.4 320.7 317.1 313.2 310.6 308.7 300.7 300.3 304.3 313 310.5 303.7 303.7 308.7 312.9 318.2 316.7 317.5 310.4 302.2 294.1 286.1 275.1 273.2 272.5 268.9 265.9 261.1 256.7 258.1 263.3 266.4 270.4 275.6 282.3 285.9 288.4 293.7 295.2
527.8 565.1 589 618.6 636.6 645 655.1 655.4 652.7 612.8 573.8 538.9 520.2 497.4 476.4 463.4 461.3 450.5 443.9 434.9 428.6 423.8 416.9 410.1 403.2 397.5 391.6 385.4 381.6 378.5 375.2 372.7 369.9 365.2 361.1 356.5 353.2 349.4 344.1 336.2 330.5 329.8 325.8 317.7 314.4 315.2 313.3 308.4 305.2 307.2 307.3 307.4 303.7 303.7 308.4 311.9 314.6 314.3 312 305.9 299.3 292.1 282.8 274.4 272.9 270.4 269 266.4 260.6 257.5 258.5 262.1 270.1 270.9 277 285.7 291.5 292.2 295.8 297.6
505.5 532.6 565.7 592.2 613.4 630 645.7 669.1 690.9 642 618.5 584.4 566.4 549.5 533.4 514 495 474.9 460.3 443 430.8 420.1 412 399.1 393.8 389.7 387.1 383.6 382.1 381.3 380.1 376.5 370.5 367.3 360.1 359.1 356.8 355.2 349.8 344.2 334.7 333.5 326.3 318.7 312.4 310.6 311.7 309.8 307.8 304.5 305.7 304.8 305.5 308 311.7 315.6 313.6 313.5 308.4 301.7 295.3 288.4 280.9 274.5 272.3 269.2 267.3 262.8 258.9 256.2 258.8 265.7 273.1 277.7 280.7 292.4 294.2 294.6 298.1 302
485.8 508.8 546.2 565.3 588.9 613.1 640.7 676.8 710.2 690.6 642.9 617.2 612.2 604.5 589.3 558.7 546.3 522.2 495.9 464.8 438 418.6 407.9 397.7 392.4 389.7 385.2 384.1 384.4 382.8 381 376.7 374.3 365.2 363.9 363.8 360.8 359.5 356.1 351 347.3 343.2 329.2 316.3 315.2 310 309.2 307.8 306.9 302.6 303 303.3 305 307.5 314.5 312.6 313.3 309.5 304.6 298.2 291.9 284.8 279 273.6 271.1 267.4 263.7 259.4 257.4 257.1 259.8 270.2 276.4 283.8 287.9 293.4 297 299.1 301.2 306
459.1 491.2 517.9 545.7 566.3 598.6 631.2 676.7 709.1 706 677.2 660.4 672.2 665.3 631.6 605.4 592.4 561.6 527.8 488.8 449.8 429.7 413.1 402.7 397.2 392 388.8 389.6 387.6 384.9 383.2 383.7 381.5 376.9 371.4 368.2 369.6 369 360.7 355.6 354.8 351.6 337.8 327.4 324.9 317.6 308.6 305.7 305.4 301.9 300.9 300.6 302.6 308.2 313 310 310.3 304.9 300.3 294.5 288.3 280.7 275.4 271.2 268.7 263.9 258.8 255.7 255.9 259.8 263.3 277.4 290.5 291.8 292.5 297.7 301.3 302.8 304.7 311.4
434.5 460.6 489.1 523 548.9 581 610.2 657.6 694.2 720.6 713 704.3 719.9 687.8 658.3 646.9 621.7 593.4 554.4 504.6 460.7 431 414.1 405.4 399 395.6 392.8 388.8 384.9 384 384.2 384.5 385.8 385.4 385.6 387 381.6 376.5 370.7 365.3 357.5 353.6 344.1 333.2 326.1 320.7 313.2 303.8 302.6 300.8 300 299.8 300.1 305 308.1 306.7 304.3 300.4 295.9 289.8 283.4 276.2 271.5 268.3 266.1 259 255.7 251.9 256.4 260.2 268.9 285.4 296.3 296 294.3 298.9 306.1 307.9 310.1 317.7
418.7 447 479.5 500.4 531.7 560 590 630.2 669.2 693.8 724.5 754.2 759.2 711.4 688.2 677.3 641 601.8 571.2 519.9 468.4 442.1 422.7 407.8 397.9 393.8 389.5 385.3 383.9 384 384 385.1 386.5 387.8 390.3 389.5 386.7 383.8 374.9 369.2 362.3 355 346.1 336.3 328.6 321 312.1 308 303 299.4 297.9 297.1 297.9 301.3 305.3 301.8 299.4 295.7 291.6 285.4 279.8 273.6 269 264.8 262 255.2 252.1 252.1 256.1 262.7 270.3 284.2 292.6 295.7 298.8 303.7 314 312.9 317.2 329.3
401.2 437 464.7 481.3 516.2 544.1 569.5 605.1 641.8 677.3 711.6 748.8 749.5 735.6 720.5 688.9 653.8 616.8 577.2 529.2 484.4 453.1 429.3 410.5 401.2 394 389.6 388 385.7 385.1 385.7 390.2 387.9 387.1 387.5 387.4 388.5 385.2 379.6 370.6 364.6 355.8 347.1 336 329.9 321.6 315.8 309.6 300.9 298.8 297 295.9 294.7 296.4 300.2 296.8 294.5 290.5 285.4 280.2 274.7 269.6 266.6 260 257.9 251.4 248.6 248.5 255.7 262.1 270 281.9 293.7 297.7 301.4 311.3 321.7 319.4 325.4 336.9
382.2 413.4 445.9 479.3 505.5 527 554.7 581.3 619 659.1 693.8 719.4 731.7 723.9 707.8 688.1 653.2 616.6 576.4 537 495.1 462.9 435.7 423 410.1 403.4 396.8 395.6 392.8 391.3 392.5 392.6 390.6 387 387.2 389.8 387.7 385.8 380.4 373 362.4 351.8 339.1 335.1 331.8 324.5 315.5 304.9 301.9 296.5 295.7 292.3 290.9 291.6 294.9 291.5 290.2 286.7 281.1 275.9 270.2 264.7 261.4 255.8 252.7 249.2 247.5 251.5 254.4 260.3 267.7 282.1 296.5 301.8 305.8 314.3 324.2 323.4 330.7 344
356.8 397.7 423.8 452.5 491.7 507.8 533.6 560.7 601.6 638.5 662.6 690.2 707.4 703.5 688.5 672.5 651 620.4 580.6 551.5 509.7 482 459.7 442.6 433.6 425.9 416.2 416.4 410.8 404 400.6 398 394.9 393.2 394.8 394.6 393.5 388.1 380.5 371.3 361.1 349 344 334.6 327.6 321 312.8 308.3 300.1 296.9 293.4 291.7 288.3 288.9 290.2 285 287.6 282.1 277.3 271.2 264.3 259.9 256 251.7 248.7 246.7 246.8 251.5 258.5 262.6 270.4 284.8 294.2 305.8 311.5 317.6 325.7 329.2 334.7 348.1
328.3 360.3 395.1 422.1 460.7 495.7 511.2 539.1 567.9 605.9 637 666.1 679.2 676.3 665.6 651.1 633.8 614.4 597.2 569.5 540.6 505.8 487 476.8 470.2 464.5 457.6 451.5 440.9 436.3 427.6 419.8 410.7 409.4 411.4 406.2 402.7 397 390.8 386.4 380.3 371.4 358 345.6 332.8 323.1 315.8 309 298.5 292.8 290 288.6 287.3 285.8 286.6 283.8 285.2 280.5 275.7 269.3 262.3 257.6 254.8 251.3 248.6 247.7 246.2 252.4 260.1 267.3 276.6 286.6 294.1 307.2 315.7 323 330.3 332.4 337.2 352.5
311.1 334 374.5 410.7 448.7 482.5 493.6 513.2 552.2 574.3 617.9 642.9 653.5 648.4 640.5 629.2 616.5 606 596.8 587.6 571.3 539.8 526.2 515.6 506.8 506.3 498.9 490.5 478.9 471.8 471.1 465.2 453.1 444.2 441.2 439.4 437.6 430.2 426.6 417.1 409.4 397.5 375.8 358.7 343.2 329.8 321.8 314.9 303.3 291.8 289.9 287 284.8 284.1 284.7 283 283.8 279.7 276.2 270.6 261.1 255 251.3 249.4 248.2 246.2 248.8 251.9 261.1 271.8 286.6 290.8 297.9 303.3 312.8 323.2 329.6 333.7 340.6 353.2
296 310.6 339.1 396.2 434.5 449.3 466.2 491.4 524.4 555 579.1 613.5 630.2 626.6 618.2 609.3 607.9 600.6 596.9 591.9 584 576.6 572 557.8 553.3 549.5 549.9 543.9 522.9 512.5 503.4 490 477.4 469 464.6 465.1 464.3 468.5 456.1 449.4 435.9 420.2 403.1 378.8 364.5 347.3 331.8 320.5 311.1 301.8 295.3 288.9 283.4 283 283.5 282 282.7 278.3 274.8 269.3 257.8 251.9 247.6 246.7 246.5 248.6 250.1 255.3 268.7 283.8 291.7 295.2 299.6 305.6 311.5 322.8 325.7 330.5 342.7 359.7
285.4 296.8 315.6 357.4 399.3 422.3 452.6 475.1 496.8 522 550.2 577.7 599.9 605.8 600.6 593.4 603.3 599.2 593.6 591.2 598.8 606 613.4 603.9 592.3 592.6 581.9 569.2 556.7 542.1 526.4 502.7 491.2 484.7 484 483.2 480.1 471.8 462.8 454.1 446.2 437.2 424.4 417.2 408.5 374 351 331.3 315.7 300.9 295.8 288.1 282.7 282.8 282.8 282.1 281.3 276.7 270.4 267 257.1 250.8 247.1 245.5 248.7 249.4 250.2 257.5 269.1 282.7 291.5 293.8 299.8 306.2 313.1 320.6 325.6 330.1 345.8 368.9
266.7 283.3 296.5 324.9 349 393.9 427.8 451.1 469.9 494.1 528.4 546.2 574.1 582.5 584.7 583.6 600.1 598 592.8 595.4 607 617.2 616.3 609.4 601.3 590.9 580.7 567.2 555.2 543.4 529.4 512.1 498.7 493.1 491.6 487.2 479.9 470.9 463.2 455 446.4 436.1 429.7 421.1 410.6 399.1 384.8 368.2 334 312.8 298.7 292.1 283.5 284.2 293 285.9 282.1 275.9 271.6 262.6 254.7 248.8 246.7 245.8 251.2 253.4 255.5 259.9 269 281.8 288.9 292.4 298 305 311.7 319.4 324.1 330.7 347.8 373.3
250.4 270 285.7 301.2 323.7 361.1 395 411.7 435.7 461.6 490.6 521 537.5 552.1 565.6 575.6 599.2 593.8 586.9 593.6 604.8 615.4 612.6 605.1 594.9 585.9 573.6 562.1 551.5 540.9 528.9 517.3 506.7 498.7 492.5 486.4 479.4 471.1 462.4 454.6 445.4 436.4 427.8 418.8 408.6 396.4 384.5 369.9 352.9 333.6 320.2 308.4 300.2 298.5 292.6 285.7 279.5 274.5 268.4 261.6 256.1 251.3 244.3 246.3 251.8 258.5 259.9 261.5 267.7 281 286.8 291.4 296.9 302.5 309.7 315.4 322.7 331 348.1 372.3
235.4 255.2 270.4 288.6 308.7 343.7 369 388.9 401.4 425.6 452.4 483.2 514.8 531.5 544.7 557.2 579.9 587.2 582.6 582.9 594.4 603.2 602.1 595.8 586.3 579.1 569 559.5 550 539.8 527.9 516.6 506.6 498.6 491.5 485.2 477.4 468.7 460.8 452.7 443 433.4 424.6 415.8 404.5 392.8 381.2 367.9 352.1 338.6 329 319.1 310.1 300 291.4 284.3 277.2 272.7 268.4 263.4 257.7 249 246.2 246.3 255.3 261.3 264.1 268.1 274.4 280.2 284.8 289 293.4 299.4 307.5 314.1 321.3 329.9 346.1 373.6
230.9 246.1 255.6 271 286.7 334.2 345.8 362.4 376.9 401.8 429.6 452.1 477.1 502.7 525.2 539.6 556.4 573.2 571.2 570.6 576.7 582.8 584.6 583.8 577.6 572.3 563 553.7 546.2 534.4 524.4 512.9 503.1 494.1 487.2 481.8 474.1 465.8 457.4 446.7 439.6 429.5 421.1 412 400.1 388 377.4 365.7 350.4 339.7 331.1 320 309.8 301.1 292.4 282.8 274.9 269.5 265.9 262.5 254.8 247.8 246.6 246.4 255.4 261.7 267.5 278.3 283.1 283.4 285.2 287.3 292.9 299.3 306 314.1 320.5 330 345.3 373.6
225.4 227.7 247.8 257.6 269.9 311.5 326 340.3 362.8 385.4 409.9 436.4 447.1 474.5 490.3 521.3 536.1 543.8 551.4 552.9 555.6 556.7 571.6 568.5 559.6 562.4 555 544.6 538.7 529.6 518.2 508.7 499.7 489 482.2 476.1 469.2 460.7 450.8 443.5 435.4 425.3 416.4 406 395.9 383.5 372.7 362.1 351.2 340.2 331.4 322.7 311.8 301.5 292.4 282.3 273.7 267.8 263 257.1 251.5 246.9 244.8 246.8 256.8 267.4 274.6 287.1 288.2 286.7 288.6 290.3 294.1 299.6 307.3 311.4 319.9 328.9 344.7 370.2
219.6 222.4 228.3 238.8 251.8 283.6 303.4 322.8 352 360.7 389.2 411.9 425 440.8 457.9 487.6 511.6 521.4 529.6 532.2 531.9 532 541 544.6 539.7 542.1 538.8 533 532 521.8 513.4 505.2 494 484.4 476.4 470 463.7 455.7 444.6 440.9 431.3 420.6 411.2 400.4 390.4 380 368.8 358.5 348.8 339.3 331.2 322.7 312 303 291.8 282.5 274 267.1 259.2 251.1 249.3 246.3 241.4 246.9 254.8 273.4 290 292.4 292.8 291.2 290.9 293.4 295.6 300.6 306.3 310.9 318.2 326.6 343.4 364.6
210.9 212.2 213.8 213.9 222.4 236.5 265.2 308.6 337.5 349.3 355.4 373.5 403.3 427.9 446.6 458 470.1 488.8 498 515.4 523.9 517.9 517.9 519 518.8 520.3 519.9 518.1 513.7 515.4 510 499.5 490.2 482.1 473.4 464.7 459 451.9 443.7 435.7 425.6 415.5 405.9 396.2 386.9 374.8 363.9 354.5 344.5 336.4 329.9 322.5 311.4 302 291.3 281.3 273.8 265.3 255 248.2 245.9 243.9 241 247.6 257.3 286 293.4 291 292.3 294.2 295.4 295.4 295.8 299 303.9 308.7 315.2 325.4 341.6 359.4
198.1 202.3 207.9 205.1 204.9 216.4 236.1 265.1 322.9 333.2 335.5 344.1 367.5 389.4 421.6 441.9 448.5 456 466.1 476.3 487.4 495.8 501.4 500.1 498.5 500.1 500.8 503.1 505.2 505.4 501.3 494 487.4 478.5 469.9 462.9 455.4 446.2 440.1 429.4 419.2 410.7 400.5 392 382.3 370.9 359.7 350.3 341.1 332.9 325.7 319 307.3 300.4 289 279.9 272 261.1 252.4 246.9 242.3 239.1 242.3 248.9 258.6 282.1 284.8 285 288.5 296.9 295.4 295.8 295.2 298.5 300 304.8 314 323.3 337.4 353.4
185.3 191.9 199.1 201.7 198.4 197.9 209.5 239.6 299.2 311.4 317.7 330.8 344.4 357.4 387 412.9 432.8 437.4 441.8 452.1 461.6 468.4 476.6 475.6 482.6 480.3 482.2 490 489.1 491.8 491.1 485.4 479 471.6 465 457.5 449.9 441.5 433.9 423.7 414.9 404.9 396 385.7 375.7 366.7 356.4 347.4 337.8 329.3 321.6 313.6 305.3 295.6 286 275.9 266.8 259.1 250.5 243.6 239.6 236.4 240.4 249.1 257.9 275.2 276.3 278.3 287.5 293.4 295 295 294.3 295.9 297.9 302.4 309.9 318.6 333.4 346.9
169.8 182.3 188 196.8 193.6 192.6 193.3 226.8 262.1 274.5 304.5 312 326.6 345 370 380.9 399.2 419.5 431.9 439.2 443.8 444.2 450.3 451 453.1 459 463.6 472.7 476.8 475.6 474.9 474.2 470 465.2 458.8 451.2 444.9 439.7 429 417.9 409.7 400.5 391.6 381.2 371.2 362 353.7 343.8 333.3 325.1 318.4 309.3 302.5 292.1 282.9 271.8 262.4 255.7 248.2 242 237.1 235.9 243.2 249.9 256.1 267.9 269.2 273.8 287 293 295.2 292.1 290.3 292.9 296.4 299.3 305.3 316 329.3 341.6
158.7 170.5 181 183.8 186.1 185.5 178.8 194.3 216 238 274.2 288.3 294.9 332.4 361.1 368.4 376.1 387.8 406.3 415.1 423.3 429.9 430.2 432.9 433.2 437.2 446.9 457.1 457.7 465.3 466.3 462.3 460.5 457.9 453.4 444.9 440.7 430.9 420.9 412.2 403.5 395.2 386.1 376.2 367.1 357.5 350.4 341.6 331.6 322.1 315.5 308.3 300.3 290.1 278.4 267.7 257.4 250.2 245.5 238.9 235.4 236 242.7 248.8 254.2 261.6 265.7 272.4 285.7 291.5 291.3 289.6 289.6 286.5 291.6 296 300.9 310.6 322.2 336.3
148.4 155.6 161.2 176.7 182 177.8 171.5 172.7 190.5 211.3 231.9 245.1 266.9 316.1 341.7 349.6 362.8 366 374.8 383.7 389 397.6 407 411.9 410.9 410.2 419.3 435.4 439.1 445.5 454 453.1 449.4 449.8 443.6 435.6 432 424.6 414.6 405 397.2 387.9 377.6 369.5 362.3 352.9 346.3 339.4 329.4 319.7 313.5 305.7 297.5 286 274.7 265 255 247.8 241.6 236.8 235.6 237.6 242.6 247.7 251.2 257.9 263.1 273 284.5 287.7 288.7 289.2 288.9 289.1 289.7 293.4 299.6 308.4 319.2 333.1
143.6 147.1 152.2 158.6 171.1 168 163.6 159.9 179.7 188.8 199 215.1 241.5 258.4 323.1 332.1 338.5 346.5 356 361.8 372.5 377.5 390.1 398.5 396.9 391.8 394.2 405.1 422.7 430.4 439.8 442 438.2 430.9 424.4 420.5 418.5 411.8 405.8 397.1 389.1 380.3 371.1 364.8 356.8 348.2 342.2 334.3 326.7 318.7 309.8 303.6 297 284.7 273.2 262.8 251.7 244.7 239.6 236.8 235 242.2 244.8 248.5 253.6 257.2 263 273.2 281.3 284.7 287.8 287.6 288 288.3 288.7 290.6 297.3 306.1 315.6 328.7
124.2 130.6 136.1 146.5 150.2 156.8 155.8 150.3 161.1 177.1 186.4 193.3 210.2 233.8 269.5 313.1 322.5 335.2 343.6 351.9 359.7 368.7 372.6 378.8 378.7 376.3 380.4 387.7 390.8 403.5 417.1 412.5 414.9 410.1 403.5 405.3 399.9 396.9 392.9 388.2 382.5 373.9 364.3 359.2 352.9 344.1 336.4 330.4 324.6 316.4 308 299.4 292.4 280.8 269.2 259.4 250.5 243.8 237.4 235 239.3 242.8 245.6 249.1 252.4 256.8 260.5 269.1 276 281.3 286.3 286.1 286.6 287.5 288.4 290.9 295.2 301.1 313 325.8
120.9 122.4 124.2 124 131.9 145 146.1 148.6 148.2 165.3 173 180.8 189.8 210 235.6 276.3 300.6 323.5 335.2 340.7 348 355.4 361.2 360 364.4 366.8 367.7 371.3 374.1 378.2 378.7 388.2 384.2 382.3 382.5 378.3 382.5 379.5 376.9 375.7 371.4 365.1 357 351.9 346.2 338.4 330.4 323.4 319.7 312.6 303.4 296.4 289.4 279.4 266.7 255.3 247.6 241.6 236.8 235.9 239.5 243.4 246.2 248.2 250.3 254.1 263.1 272.6 276.5 281.4 284.6 283.7 283.8 286.5 287.9 291.2 295.8 301.1 311.7 320.9
123.9 121.2 120.6 124.9 124.2 128.5 131.7 137.2 136.3 155.9 167.4 175.3 181 185.6 199.2 220 256.6 282.9 319.4 336 338.9 343.7 345.2 348 350.6 351.9 350.6 352.9 357.3 359.5 358.3 354.5 354 359.3 358.8 355.9 361.4 363.1 363 360.8 360.2 356.8 349.1 345 338 330.8 323.5 318.4 312.3 304.9 298.1 291.1 284.3 275.3 263.4 252.3 243.4 237.5 235.7 236.4 239 242.2 245.8 247.1 247.7 253.6 267.5 275.9 280.4 281 281.2 280.9 281.7 283.3 287.3 290.3 294.5 300.2 309.7 317.1
125.2 124.4 120.8 122.3 125.3 128.7 129.5 130.2 127.4 133.3 152.9 166.1 173 182.1 183 192.2 209.4 245.8 278.6 315.4 332 337.7 341.5 342.1 342.5 341.3 341.2 339.9 338.3 336.6 330.9 330.9 330.1 329.7 332.4 331.7 333.4 340.9 350.5 348.5 347.2 344.5 338.3 337.9 330.8 324.2 319.2 312.1 304.4 298.2 292.3 284.6 278.1 271.4 260.9 249.2 240.5 233.4 230.9 234.4 238.3 241.4 243.9 245.4 248.6 256.4 273.3 283.9 285.6 282.6 280.7 279.4 280.2 281.6 286.5 289.3 293.7 298.1 304.9 314.6
119.4 117.1 120 119.7 119.3 122.2 129.1 127.9 123.4 123.5 135.5 146 166.8 173.4 179.8 183.4 194.8 219.3 251 290.5 311.7 327.2 330.5 332.2 335.8 336 334.5 331.5 326.9 322.8 318.4 315.7 312.3 313.3 314.7 315.2 313.2 321.8 325.6 332.2 330.2 333.2 330.3 331.1 323.9 318.9 311.5 306.6 299.6 290.3 281.4 275.2 269.3 265.1 256.5 244.9 237.1 232.2 226.2 233.4 237.3 241.1 242.9 246.9 251 263 281.8 288 290.1 287.1 280.8 279.9 277.9 282.5 284.8 287 291.8 297 302.2 310
112.4 109.8 113.8 116.3 117.4 116.8 117.7 123.5 123.2 119.7 121.1 133 153.5 167.9 175.4 181.6 185.2 205.3 238.9 277 297.6 308.4 317.1 323.5 323.5 322.1 320.1 320.3 320 319.3 315.8 312.7 311.6 310 309.4 308.2 310.5 309.8 308.9 308.3 307.4 317.6 320.6 324 318.8 311.5 307 299 292.4 284.3 274.4 266.7 260 253 249.7 240.9 233.1 230.2 227.8 233.7 238.1 241.1 244.1 246.7 251.1 271.5 281.9 294.1 295.7 290.3 281.5 278.1 278.7 280.1 283.6 285 289.4 294.7 300.4 305.8
