data/nc22_OST50GRID_20230518/NC22.asc
ncols 200
nrows 200
xllcorner 220000
yllcorner 920000
cellsize 50
[rows 0 to 35 of 200, columns 80 to 159 of 200]
201.1 239.3 248.3 249.8 251.3 251.1 249.9 249.3 246.5 240.9 237.1 229.1 219 208 200.9 201.6 197.6 194 189 178.6 167.2 153.7 145.1 137.9 126.7 115.3 108.6 103.8 95.9 91.1 93.2 103.4 115.1 142.7 164.9 158.2 163 183.9 208.9 216.1 222.8 218.6 217.1 204.9 175.6 152.6 107.1 77.5 45.9 39.2 33.8 27.2 12.5 -1.8 -1.8 -1.8 -1.8 -1.8 -1.8 -1.8 -1.8 -1.8 -1.8 -1.8 -1.8 1.2 9.8 19.8 23.6 28.7 36.1 38.8 55.4 66 75.9 79.7 88.6 97.7 107.4 109.6
206.9 251.9 271.3 264.2 261 254.7 254.4 249.3 248.5 245.8 241.5 238.8 236 223.7 221.9 225.4 226.5 231.8 225.4 215.3 199.6 182.4 169 157.8 146.8 135.8 125.4 123.5 117 115.6 118 128.6 157.4 194.8 205.3 202.4 206.1 217.3 233.2 238.6 246.3 252.6 242.3 232.8 216.7 191.4 164.4 126.3 92.1 66.4 52.1 40.6 21.6 13.1 -1.8 -1.8 -1.8 -1.8 -1.8 -1.8 -1.8 -1.8 -1.8 -1.8 -1.8 -1.8 -1.8 5.5 11.1 18.8 24.7 31.8 41.9 50.9 68.1 80.5 96.4 110.2 118.3 119.6
202.2 245.5 271.6 269.2 262.9 264.4 260.1 254.1 249.8 245.9 241.4 238.2 235.5 228.8 228.6 245.1 248.4 244.2 243.4 242.9 230.2 215.4 199 185.6 172.2 160.8 152.7 148.2 143.2 142.5 143.9 152.1 183.8 229.8 248.6 250.5 256.2 258.5 261.5 259.6 261.3 260.9 261.2 256.8 238.2 225.1 202 159.3 122.4 95 75.4 59.1 37.9 30.9 15.5 3.4 -1.8 -1.8 -1.8 -1.8 -1.8 -1.8 -1.8 -1.8 -1.8 -1.8 -1.8 -1.8 2.7 9.6 15.6 18.8 25.9 40.4 62.3 91.4 107.9 117.6 131.1 141.1
198.9 233.8 267 264.9 263.4 263.1 263.2 260.4 255.9 251.2 245.8 241.5 239.4 235.7 234.3 244.4 258.9 267.9 272.5 272.7 270.5 256.2 231.4 216.3 201.8 189.7 179.4 177.8 176.3 175 175.8 179.2 198.2 229.9 257.4 276.7 284.6 285.5 284.1 282.7 280.5 276.3 269 264.2 254.6 246 228 193.1 165.8 136 118.3 94.4 68.2 41.7 26.1 18.8 -1.8 -1.8 -1.8 -1.8 -1.8 -1.8 -1.8 -1.8 -1.8 -1.8 -1.8 -1.8 -1.8 2.6 6.5 8.3 17.3 30.6 46.4 80.8 109.4 118.2 130 141.6
196.1 220.1 249.6 260.8 261.4 262.7 264.1 265 261.7 257.2 252.7 249.1 249.7 246.9 243.7 250.4 255.9 276.6 299.2 310.6 304.7 304.1 282 254.3 234.3 221.9 216.9 210.6 207.8 206 207.6 233.2 257.5 272 280.6 291.6 294.5 290.5 294.5 300.2 294.1 294.9 289.7 279.4 269 254.1 246.9 230.6 201.1 164.3 139.1 114.2 88.5 60.1 45.8 38.3 23.2 -1.8 -1.8 -1.8 -1.8 -1.8 -1.8 -1.8 -1.8 -1.8 -1.8 -1.8 -1.8 -1.8 -1.8 1.5 9.5 19.9 32.9 60.5 95.3 105.5 121.8 136.5
192.1 219.8 243.1 254.7 254.6 257.8 264.9 269 266 263.6 259.2 255.7 257.4 256.8 253.5 254.8 256.8 273.1 302.8 326.9 336.4 331.2 316.7 296.5 274.2 257.1 252.8 246 238.7 239.7 243.2 267.4 293.7 309.3 316.5 318.5 311.3 308.2 312.4 314.5 312.9 305 292.9 281.3 279.5 265.4 262.1 236.2 221.3 193.1 165.4 147.4 114.2 77.1 61.8 55.9 62 29.2 -1.8 -1.8 -1.8 -1.8 -1.8 -1.8 -1.8 -1.8 -1.8 -1.8 -1.8 -1.8 -1.8 -1.8 6.4 15.7 31.9 47.9 68.5 83.6 101.7 121.3
187.9 219.3 248.5 251.5 251.1 254.7 260 276.1 274.5 272.8 268.6 263.7 261.2 262.6 264.5 267.5 273.1 284.3 312.8 342.3 352.8 347.5 342.7 332.6 314 295.1 287.7 280.5 281.7 297.4 284.9 301.2 319 348.6 362.5 351.3 335.1 333.7 338.6 337.6 333 322.1 314.5 297.8 285.3 268.3 258.1 242 224.8 203.1 180 144.6 111.4 98.2 111.2 101.6 85.8 65.9 20.1 -1.8 -1.8 -1.8 -1.8 -1.8 -1.8 -1.8 -1.8 -1.8 -1.8 -1.8 -1.8 -1.8 5 13.2 22.2 37.5 54.4 68.6 85.1 103.4
179.5 211.1 242.3 244.7 246.5 252 257.8 270.9 273.3 273.7 281.5 279.6 277 277.6 281.3 283.8 287.6 299.8 326.7 349.2 355.4 364.3 368 362.9 351.8 330.5 328.2 319.5 312.8 329.8 344.1 358.1 376.5 386.4 391.4 390 378.2 364.3 363.7 360.8 362.5 347 336.7 315.6 304.3 281.8 258.8 238.1 213 189.1 162.7 157.1 148.9 133.7 133.3 122.4 105.6 82.5 54.5 -1.8 -1.8 -1.8 -1.8 -1.8 -1.8 -1.8 -1.8 -1.8 -1.8 -1.8 -1.8 -1.8 2.5 8.9 17.1 34.5 53.1 66.2 85.9 107.3
175 187.2 226 236.5 241.1 250.7 255.3 262.5 269.3 272.8 288 296.7 292.5 286.5 293 304.5 304 311.5 329.6 344.6 352.6 365.6 372.3 377.6 380.5 372.6 360.3 353.8 354.7 359.5 372.2 385.8 406.5 423.1 432 427.2 421 405.7 422.3 411 387.6 376.3 357.4 338.5 323.9 297.8 265.8 251.6 238 217.8 198.6 198.6 179.2 153 153.5 140.4 120.2 94.6 67 26.6 -1.8 -1.8 -1.8 -1.8 -1.8 -1.8 -1.8 -1.8 -1.8 -1.8 -1.8 -1.8 1 7.6 19.3 35.9 50.7 67.6 84.3 108.1
179.1 178 198.1 224.9 238.3 248 253.9 255.8 264 265 275.4 293.8 289.1 281.9 288.2 299.6 306.4 310.4 326.6 337.8 345.4 353.2 365.2 376.9 384.6 393.9 397.1 397.5 404.6 397.8 409.2 418.9 424.7 449.6 475.7 475.2 459.7 453.2 440.1 433.4 431.2 421.9 393.9 368.8 345.8 309.6 292.8 284.2 276.4 246.5 235.5 225 212.2 182.2 175.1 156.1 130.5 102 74.9 34.9 -1.8 -1.8 -1.8 -1.8 -1.8 -1.8 -1.8 -1.8 -1.8 -1.8 -1.8 -1.8 -1.8 6.8 24.2 34.5 48.7 67.4 86.4 110.2
185.5 195.9 185.6 191.8 227.6 241.4 248.7 249.6 255.3 260.6 265.7 290 286.5 281.4 281.4 294.2 298.1 303.1 316.4 331.1 345.2 359 366.6 374.3 381.7 388.2 404.8 414.8 427.8 429.9 433 448.4 451.6 460.3 485 490.1 486.2 483.2 472.4 455.4 450.7 439.7 421 406 374.2 353.5 348.3 331.1 334.9 296.9 265.8 262.3 237.1 208.4 204.9 183.8 146.9 110.9 74.2 42.9 -1.8 -1.8 -1.8 -1.8 -1.8 -1.8 -1.8 -1.8 -1.8 -1.8 -1.8 -1.8 -1.8 10.6 19.7 31.5 55.9 79 101.3 121.9
199.7 209.9 210.6 203.5 187.9 230.3 242.7 246.7 249.9 252.4 257.1 278.4 284.4 281.4 281.4 288.8 298 303.8 315.3 326.1 338.8 358.6 368.4 375.6 383.2 387.8 407.2 417.3 426.8 432.2 440.4 450.9 466.5 475.5 491.6 501.4 504.1 501.5 489.8 475 471.3 458.4 441.1 424.9 394.1 392.2 390.6 371.5 389.1 365.1 298.5 283.8 258.1 228.2 218.2 197.8 171.8 114.2 78.4 50.5 26.4 -1.8 -1.8 -1.8 -1.8 -1.8 -1.8 -1.8 -1.8 -1.8 -1.8 -1.8 11.3 14.6 19 38.5 61.3 85.1 108 134.3
207.8 222.4 232 226.7 217.3 194.2 236 244.4 247.6 249.7 258.1 267.9 284.3 284.5 285.3 289.8 300 304.8 314.6 329.5 337.8 349.1 359 366.1 378.4 391.3 411.1 427 428.5 437 443.9 454.9 482.7 495.6 502.7 520.3 521.7 517.9 508.8 487.2 477.5 463.2 457.6 438.1 420.9 420.3 426 403.1 413.3 394.5 344 303.5 275.5 261.1 229.1 205.5 180.2 129.9 85.9 55.3 30.1 -1.8 -1.8 -1.8 -1.8 -1.8 -1.8 -1.8 -1.8 -1.8 -1.8 2.1 8.8 15.1 23.3 41.4 62.9 85.7 114.3 136.9
215 233.2 233 229.4 226.3 220.4 230.9 239.9 244.6 248.7 256.5 267.8 286.9 295.3 292.1 294.1 299.5 308.2 316 335.6 343.5 346.4 356.4 358.2 365.8 379.4 409.8 422.9 438.3 451.2 461.1 472.5 486.4 504.7 514.8 531 532.6 528.1 517.8 508.8 503.2 483.6 458.5 456.2 444.2 441.8 446 427.2 426.8 413.6 375.1 345.6 304.1 273.9 250.7 221.5 187.7 142.5 97.1 61 36.4 16.8 -1.8 -1.8 -1.8 -1.8 -1.8 -1.8 -1.8 -1.8 7.2 10.9 16.6 17.3 22.1 38 63.2 88.3 120.3 148.6
223.5 232.5 227.9 225.1 225.2 219.2 220.6 232.9 238.4 245.7 257.4 270.9 283.2 295 292.1 294 297.5 306.3 316.6 331.8 344.8 338.9 346.4 353 359.2 372.3 401 415.5 442.4 459.1 475.6 489.8 507.3 518.1 515.9 532.6 532.6 525.8 519.3 516.1 512.4 493.9 480.1 468.3 459.8 464.3 467.3 454.8 437.5 427.7 398.5 370.2 351 296.2 269.3 232.7 199.1 157.3 106.1 73.8 42.2 22.5 5.3 -1.8 -1.8 -1.8 -1.8 -1.8 -1.8 -1.8 13.5 21.8 18.2 27.4 31.1 41.7 63.9 94.8 124.6 152
230.4 230.4 224.1 219.2 219.2 219.2 219.2 222.2 233.5 242.7 255.3 267.2 278.2 286.6 287.4 287.5 289.8 301.4 313.8 324.3 335.9 336.9 339.5 345.5 353.3 378.3 400.7 423.3 446 461.5 479.5 508.2 517.1 519.1 522 528.5 532.2 533.9 520.3 513.6 511.1 503.7 497.4 491.5 483 487.6 483.8 487 471.4 448.2 418.9 406.1 371.3 326 282.5 243 210.1 172.9 141.4 84.9 51.4 24.5 8 -1.8 -1.8 -1.8 -1.8 -1.8 -1.8 -1.8 9.2 18.6 27.1 34.9 45.1 51.3 66.8 101.9 149.7 178.3
235.4 228.8 223.2 219.2 219.2 219.2 219.2 219.2 225.3 232.1 243.6 259.4 273.2 282 282.1 282.3 283 289.9 305.1 310.9 321 333.8 342 353.9 362.7 374.8 395.5 429.2 451 467.8 488.6 518.1 529.2 526.4 530.9 534.9 544.9 548.5 540.7 526 516.7 512.7 508.9 500.1 509.5 523.5 523.3 507.6 499.2 478.9 457.6 422.2 391.1 344.2 313.4 255.4 217.5 182.3 136.9 99.1 60.7 31.5 10 -1.8 -1.8 -1.8 -1.8 -1.8 -1.8 -1.8 1.7 12.8 30.8 43.6 49.7 61.8 82.3 106.4 157 193.9
232.8 227.9 220.6 219.2 219.2 219.2 219.2 219.2 219.2 220.3 236 244 260.9 265.9 267.6 270.2 270.7 281 295.9 305.6 320 329.8 337.5 361.4 373.7 384 396 421.1 451.3 467.5 490.2 514.6 523.7 527.3 536.4 547.1 561.2 562.2 552.3 532.7 530.1 517.8 512.5 515.3 524.9 534.4 552.6 539.1 522.9 497.3 491 449.4 406.9 361.4 327 276 240.6 192.9 146.3 115.7 75.4 48.5 28 -1.8 -1.8 -1.8 -1.8 -1.8 -1.8 -1.8 4 14.1 34.3 55.4 60.4 76.7 87.5 107.4 135.8 177.5
231.1 227.1 219.8 219.2 219.2 219.2 219.2 219.2 219.2 219.2 228.1 234.6 243 250.7 254.6 257.2 258.1 267.3 286.1 311.4 315.3 332.9 335.4 350.4 369.3 385.3 396.3 421 448.3 461.1 486.3 507.5 509.9 522.7 536.9 546.9 566.7 561.6 562.8 551.8 542.9 532.4 527 534.3 541 547.2 548.8 550.6 532.6 517.3 504.8 488 429.8 377.7 338.4 300.6 248.5 204.7 166.2 136.3 120.8 64 47.4 10.9 -1.8 -1.8 -1.8 -1.8 -1.8 -1.8 1.6 17.3 37.6 58.4 71.1 75.1 89.7 110.4 131.9 153
231.4 227.1 225 221 219.2 219.2 219.2 219.2 219.2 219.2 219.2 229.3 235.4 241.5 244.7 245.6 247.7 257.4 278.6 301.9 318.4 327.6 336.3 348.5 360.4 373.7 390.3 417.2 442.4 452.3 475.4 491.6 498.4 519.5 534.3 550.6 562.7 563.3 559.3 578.4 573.6 563.9 558.7 554.3 546.8 549.1 553.1 544.5 540 525.5 512.2 498.7 460.1 394.3 350.2 302.3 261.3 218.7 186.7 157.7 128.6 94.8 56.4 23.5 11.6 -1.8 -1.8 -1.8 -1.8 -1.8 1 17.3 36.9 49.3 65.8 80.3 89.6 111.5 130.5 156.3
231.5 229.4 226.6 224 219.2 219.2 219.2 219.2 219.2 219.2 219.2 221.8 227.7 232.1 237.4 236.4 243.1 249.2 269.1 293.7 310.4 325.2 336.7 345.8 353.6 363.7 389.1 410.1 437.6 444.9 461.2 480.5 495.1 516.2 532 544.3 553.1 556.8 566.9 576.7 587.7 577.5 566.8 564.3 552.8 544.5 535 529.9 533.8 524.1 511.8 494.8 483.9 414.9 371.9 316 273 227.7 196.5 161.8 132.8 103 70.1 32.5 14.8 7 -1.8 -1.8 1.8 -1.8 -1.8 8.7 19.7 39.9 57.9 64.9 97.8 120.3 135.3 159.7
234.4 229.3 226.6 223.9 219.2 219.2 219.2 219.2 219.2 219.2 219.2 219.2 219.2 222.5 229.6 230.1 231.4 242.3 267.4 291.4 307.1 320.7 327 337.9 342.8 353.4 389.9 414 427.3 433.7 449.7 468.1 486.5 514.6 537.2 537.5 542 557.2 573.8 585.4 588.5 583.1 570 560.6 556 543.6 533 526.7 520.3 514.4 506 495.9 488.9 451.5 391 335 289.2 242.7 200.1 172.9 146.2 109 82 48.8 32 25 15.3 18.5 13.9 17.4 -1.8 -1.8 9.5 25.1 48.2 56.3 92.8 108.1 127.9 149.2
233.8 229.1 225.8 222.3 221.2 219.2 219.2 219.2 219.2 219.2 219.2 219.2 219.2 219.2 223 225.9 232.5 242.7 265.2 285.8 293.9 313.6 325.2 325.8 333 344.7 360.6 389.4 406.8 416.8 434.2 450.6 486.1 512 531.3 532.4 542.2 553.5 570.4 578.7 578.9 578.9 570.6 556.8 549.6 540.3 526.3 518 515.1 507.1 497.1 498 486.2 472.4 408.1 358.4 325.4 254.6 208.9 182.8 164.6 129.8 97.2 66.4 66.8 61.7 41.5 32.5 25.3 21.2 5.2 -1.8 -1.8 8.2 30.6 45 74.9 91 101.7 124.9
232.7 228.4 224 227.2 223.6 219.2 219.2 219.2 219.2 219.2 219.2 219.2 219.2 219.2 222.5 223.4 227.7 235.8 255.2 278.2 292.1 298.7 316.4 321.3 323.9 328.5 348.5 373.4 383.1 393.7 423.4 444.1 476.6 502.8 519.3 524.1 533.3 544 554.9 568.1 567.8 565.1 561.7 552.7 543.7 532.2 520.8 512.3 506.6 502 492.6 490 486.3 469.9 433.8 387.7 338.7 269.2 221.8 189.6 170 141.1 115.7 90.9 85 98.9 70.3 57.3 39.7 29.3 18.2 15.1 -1.8 9 15.7 44.8 70.6 76.4 87.3 99.1
229.1 227.5 229.2 227.1 223.3 219.2 219.2 219.2 219.2 219.2 219.2 219.2 219.2 219.2 219.2 223.6 224.6 229.4 249.2 268.8 285 289.6 308.3 309.3 314.6 323 329.1 348.5 361.4 374.6 398.2 428.7 464.3 489.8 503.3 513.7 528 541 548.6 557.4 564 563.8 563.7 559.9 548 532.4 524.3 511.9 499.7 492.3 494.5 489.4 475.3 470 446.9 412.4 341.9 304 243.9 219.6 199.1 165.5 129.9 112.3 105.7 113.6 94.9 64.2 45.4 41.2 29.9 26.1 -1.8 11.1 20.4 35.3 52.6 67.1 80.6 91.6
236.4 235.9 231.2 226.9 224.5 219.2 219.2 219.2 219.2 219.2 219.2 219.2 219.2 219.2 219.2 219.4 228.6 236 257 273.4 288 292.2 296.8 306.7 309 316.8 322.8 327.6 344 367.6 391.6 424.3 445 477 494.9 509.6 521 532.2 538 551.5 551.5 559.3 563.1 554.7 542.5 531 521 511.9 503.1 492.7 502.6 493.1 481.7 467.4 449.3 421.4 365 318.1 276.5 237.8 218 184.8 152.7 144.8 123.7 136.3 115 77.3 51.3 37.3 27.8 20.8 8.4 10 20.1 30.3 38.5 53.4 67 80.3
242.1 238.5 230.9 227 227.2 219.4 219.2 219.2 219.2 219.2 219.2 219.2 219.2 219.2 219.2 224.7 234.6 246.3 267.8 282.4 293.2 300.4 303.3 314.3 308.2 314 319.5 322.8 334.5 362 393.2 413.5 444.4 458.2 481.7 492.3 506.8 524.7 540 542.9 540.5 551.4 564.2 553.2 540.7 529.6 520.5 511 500.5 496 497 495.9 488.3 468.6 445.6 422.5 378.1 344.5 304.8 260.3 228.9 206.2 168.4 168.6 174 160.5 157.3 103.1 67.2 52.7 39 23.4 16.7 7.3 13.9 20.6 26.1 36.1 51.2 68.2
243.5 236.8 236.1 231.6 229.7 224.6 219.2 219.2 219.2 219.2 219.2 219.2 219.2 219.2 219.2 228.6 239 263.9 285.5 298.4 305.7 319 316.8 317.3 312.3 314.1 315.2 324.2 335.9 358.5 383.9 403 431.4 456.7 481.7 485 494.8 511.1 525.7 525.7 526.7 541 553.7 552.5 534.8 527.4 517.9 505.9 496.6 499 499.4 484.7 475.5 460.2 450.3 424.2 389.6 364.5 326.5 285.4 240.5 208.5 199.3 195.3 209.8 219 188.5 171.5 101 79.7 60.7 35.3 16.2 8.9 8.2 11.2 14.9 21.9 34.6 47.9
251.4 244 244.1 241.4 240.6 232.3 225.3 219.2 219.2 219.2 219.2 219.2 219.2 219.2 219.2 233.7 259.5 293.2 308.5 307.8 323.8 331.1 332.6 323.9 313.3 311.8 321.5 334.7 335.4 341.9 363.5 398 431.9 463.1 469.5 474.6 485.5 495.6 511.3 511 507.7 522.3 529.4 534.9 521.8 519.7 509.9 501.1 487.3 489.7 487.4 474.1 463.2 453.9 435.8 418.3 397.8 366.8 347.9 282 254.7 242.2 251.1 229.9 222.6 244.5 236.9 183 150.6 110.9 82.2 54.8 30 13 13.1 9.3 11.4 14.4 21.3 33.1
257.9 249.9 246.8 244.4 241.2 234.1 228.2 222.1 219.2 219.2 219.2 219.2 219.2 219.2 228.6 247.7 270.9 300.3 313.1 312.6 318.1 334.1 344.6 330 318.1 315.9 320.9 331 331.7 341.6 348.8 376.4 410.9 449.3 465.9 470.6 476.8 496.9 496.8 506.7 505.9 509.9 515.2 528.2 514.9 511.7 505.3 495.6 486.9 477.8 476.1 467 454.1 441.2 428.8 404.9 383.8 365.2 342.8 300.7 271.3 292.8 296.7 282 243.3 256.8 268 226.4 170.1 135 100.5 78 52.8 32.3 18.5 15.3 12.1 13 16.7 23.6
258.7 256.6 251.4 246.4 241.4 236.7 231.8 226.8 219.2 219.2 221.4 219.2 219.2 223 231.5 247.9 272.4 291.4 311.7 324 333.3 334.6 345.4 339.8 333.4 331.7 327.2 331.2 332.5 342 350.2 362.9 387.3 415.5 449.3 461.3 467.6 483.5 496.7 496.3 503.7 501.5 502.3 514.5 514.7 511.7 502.2 492.1 480.3 471.9 472.9 456.9 446.9 435.2 423.2 406.2 383.5 362.2 345.1 319.7 302.2 298.6 312.5 306 286.1 294.9 282.9 268 221.9 172.4 133.1 106.5 79.1 50.7 31.9 27.1 17.9 14.3 15.4 19.8
261.7 263.6 257 250.3 243.5 240.6 236.6 234.6 227.2 226.8 223.7 224.6 226.2 228.9 237.4 248.7 272.8 308.3 328.3 338.9 346.8 338.8 336.9 342.3 343.7 337 334.1 331.3 333.8 341.4 349.9 369.6 380.2 400.1 423.3 449 460.1 470.1 480 493.4 496.8 499.1 492.5 494.7 496.5 499.7 496.7 488.2 484.3 477.4 471.9 458.6 449.2 439.7 430 409 383.3 359.8 353.2 327.9 325.3 322.3 312.9 313.5 307.2 310.9 300.1 291.1 268.8 230.3 184.9 139.6 111.1 74.8 50.1 34.6 26.9 19.2 14.9 16.1
265.2 266.3 261.8 255 247.6 243.1 242.3 239 232.8 228.4 226.3 227.4 230.9 232.1 242.4 262.5 279.1 307.1 347.8 341.6 350.8 345.9 336.1 344.6 348 347.5 339.4 339.2 334 342.5 349.5 375.4 394.5 393.4 419.9 433.1 443.7 459.8 468.7 470 484.3 487.1 491.3 493.6 491.5 489.6 490.5 486.7 483.1 479.7 472.2 457.1 447.9 434 421.8 400.6 379.5 366 354 334.8 328.7 327.4 314.9 313.1 307.6 305.4 308.4 313.3 307.6 270.2 227.2 186.3 134.8 101.2 73.6 52.1 39.8 26.4 17.7 15.7
267.7 268.7 264.7 257.9 253.8 249.1 245.2 241.3 236 235 230.4 230.1 231.1 239.4 251.6 289.8 290.5 306.8 334.5 344 345.3 348.7 340.2 354.8 362.5 357.5 349.9 340.8 339.6 353.4 358.7 383.1 400.8 398.1 406 424.7 432.9 446.8 459.5 462.5 471 480.2 484 477.2 490.7 488.6 484 480.8 482 479.6 470.4 453.1 442.3 431.3 416.6 399.4 379.9 360.6 350.4 335.5 327.3 324.7 308.6 305.4 305.4 310.2 305.4 309.8 329.9 306.3 267.4 226.4 189.7 124.8 94.2 74.6 61.8 38 22.4 18.4
269.8 269.3 268.3 263 254.9 249.1 245.8 249.9 243.4 241.2 235.2 234.9 236.6 245.7 263.9 295.1 306 316.6 348.4 354.2 350.2 347.1 341.4 346.6 363 357.7 351.6 344.9 345 357.8 374.5 383.4 403.2 412.4 399.4 411.4 419.3 433.4 457 460.6 457.7 469.9 472.2 466.5 483.6 481 480.5 478.2 483.4 476.1 466.1 453.3 446 430.7 415.7 399.1 379.3 359.7 348.6 323.7 311.9 309.7 305.4 305.4 305.4 311.8 319.8 314.3 332.5 335.7 313.9 256.4 227.1 171 144 109.4 93.9 61.5 32.6 22.6
274.2 276 277.3 273.4 266.8 262 260.5 256.5 252.3 249.7 243.7 243.6 247.7 256.8 272.6 297.2 326 344.1 362.5 360.5 357.7 353.1 342 341.4 360.6 359.6 348.4 347.5 351.9 358.4 376.3 387.8 389.5 399.1 403 410.5 412.1 421.5 442 450.7 454.9 449.9 454.8 445.6 453.9 470.2 473 479.8 479.5 468.8 460.8 453.1 443.5 430.7 412.8 396.6 381.3 366.9 344.2 328.4 308.4 305.4 305.4 307.1 311 326.3 333 327.9 327.5 329.4 328.8 308.9 254.7 210 174 136.2 105.3 81.7 46.5 29.6
