data/nc22_OST50GRID_20230518/NC22.asc
ncols 200
nrows 200
xllcorner 220000
yllcorner 920000
cellsize 50
[rows 36 to 71 of 200, columns 80 to 159 of 200]
277.7 280.5 282.6 280.3 273.2 268.6 267.9 273.5 266 257.5 253.4 255.8 261.7 270.2 282.1 303.2 338.3 361.7 384.7 373.8 366.3 354.6 341.4 341.4 341.4 346.8 346.2 350.3 353.5 360.7 365.7 384.9 399.1 396.9 398.7 412.5 414.3 423.8 434 440.1 439 436.2 435.8 435.6 433.8 445.3 457.3 469.2 473.7 465.9 457.6 454.3 445.5 434.9 408.7 391 377.7 364.1 344.8 328.9 315.2 306.5 310.4 308.2 314.8 327.7 334.4 341 337.6 328.5 316.6 310.4 279 236.9 190.2 146.4 109.3 87.6 61 34.7
283 286.1 290 289.4 285.8 278.9 281.3 282.6 279 270.8 266.9 267.5 276.3 284.8 296.4 331.3 350.1 385 404.3 391.9 382.9 364.5 346.7 343.3 341.4 341.4 345.3 349.4 356.2 360.5 362.3 375.5 400 410.9 402.8 422.1 421.5 425.4 432.5 442 433.8 433.8 433.8 433.8 433.8 433.8 442.4 461.9 462.6 458.4 451.9 451.3 443 429.8 411.9 394.3 379.6 357 344.1 328.1 317.3 312.5 308.6 309.1 311.2 315.7 316.2 331.2 339.3 340.7 338.2 326.2 295.7 254.6 204.7 170.3 125.9 97.7 67.6 42.7
290.2 293 298.3 300.9 297.9 294 297.3 296.4 297.5 292.8 284 283.7 291.9 302.6 318.4 364.6 379.4 408.9 408.8 409.8 399.5 373 363.5 347.4 341.4 341.4 347.5 349.2 359.4 364.1 368.8 375.9 390 415.4 415.4 411.3 414.9 432.1 430.6 442.2 433.8 433.8 433.8 433.8 433.8 433.8 454.3 464.2 462 456.5 451.1 447.4 443.3 430.9 422.3 407.6 389.2 356.2 339.1 337.8 337.2 330.9 325.7 321 314 312 311.2 320.7 324.8 331.5 334 331.8 320.5 282.1 225.1 184.9 137.7 106 78.9 49.7
295.1 299.8 306.1 310.4 308.2 312 313.4 315.9 321.5 314.3 304.8 307.3 305.2 319.3 355.8 394.6 400.3 414.6 423.5 422.9 415.2 388.1 370.3 351.3 343.1 341.8 344.5 346.7 355.8 362.8 369.4 376.8 386.6 414 423.4 413.1 412.1 424.3 438.7 438.2 435.3 433.8 433.8 433.8 433.8 433.8 457.1 470.2 469.6 462.5 456.5 448.5 443.5 434.5 423.8 414.7 385.4 359.5 363.8 360.4 349.2 341.5 341.4 335 324.6 314.9 309.7 313.9 315.1 312.9 320.9 323.2 325.7 309.4 256 221.4 156.8 114.2 83.6 58.6
300.3 306.9 314.7 319 326.7 334.5 339 341.6 343.1 334.6 328.6 325.2 323.3 340.8 385.1 405 414.5 421.4 425.8 434.8 435.3 412.3 387.5 363.9 351.3 343.2 346 347.3 356.5 369.9 383.7 378.9 397.3 408.9 424.6 420.5 415.7 434 443 434.3 433.8 433.8 433.8 433.8 433.8 439.2 461.1 467.3 467.6 463.7 465.3 453.6 442.6 436 430.4 415.8 386.1 373.2 374.8 367.1 355.9 350.4 342.9 336.1 327.8 319.4 309 314.6 311.9 304.5 301.4 302.9 311.5 320.1 299.8 247.6 180.8 125.9 98.9 66.7
305.7 317.3 326.4 334.1 344.7 357.1 366.8 373.3 376.1 365.3 356.7 350.5 349.7 355.7 395.6 421.5 424.3 440.6 435 443.8 437.5 425 391 371.4 359.2 350.4 348.3 349 358.3 377.6 388.4 388.1 409.7 416 419.4 440.8 430.8 438.6 450.4 442.1 433.8 433.8 433.8 433.8 433.8 443.9 453.8 467.1 463 468.1 464.6 454.2 445.4 432.9 421 406.6 389 380.9 375.9 372.1 361.9 355.3 344.3 338.4 328.4 319.6 306.6 307 300 293 293.2 295.3 294.1 300.9 305.3 286.4 230.3 161.7 122.1 83.2
314.1 325.9 338.1 350.8 367.8 382.2 400.9 411.9 412.2 396.6 388 383.9 378.8 384.2 411.7 439.7 438.9 446.5 446.3 445 440.5 422.3 417.5 386.1 369.1 362.3 356.1 358.4 362.9 382.6 390.8 391.2 403.4 415.2 424.9 455.2 455 448.2 460.2 450.7 443.2 436.9 433.8 433.8 435.4 453.6 458.5 468.1 477.2 479.3 465.9 452.8 441.4 433.2 414.9 404.9 392.8 386.5 384 372.3 358.4 350.8 341.1 330.8 336.7 327 309.5 298 290.5 285.5 288 291 286.9 285.9 288.6 285.7 279.7 226.5 155.6 102.6
321.7 335.7 349.6 369.7 395.4 415.5 431.5 452.9 449.5 437.6 420.6 407.4 414 411 421.8 452.5 461.6 460.2 459.3 451.8 440.2 432.2 434.4 415.4 399.1 381.6 365.7 362.9 367.4 388.2 398.5 392.6 400.5 409.9 429.6 465.7 472.8 472.4 483.8 473.1 448.9 442.9 433.8 438.7 451.1 460.4 474.1 465.3 476.2 481.2 469.5 456.9 444.9 434.5 420.9 417.2 408.1 398.8 390.3 367.7 351.6 344.9 338.4 331.9 330.1 323.9 315.6 300.1 297.1 284.8 283.8 281.1 280.1 278.6 277.2 279.1 272.2 271.7 218 130.3
330.1 343.6 363.7 384.7 421.1 446.1 471.6 490.4 488.7 476.9 447.6 429.6 425.7 420.7 426.4 451 464.5 472.2 461.7 454.2 446.8 446.7 447.2 436.1 427.6 410.6 386.4 382.4 370.3 373 386.8 393.2 397.2 410 439.7 463.1 480.8 477.3 485.3 478.5 463 450.6 438.4 444.7 464.2 471.7 475.1 474 480.2 478.8 475.6 461.9 452.2 441.1 430.1 425.8 412.7 402.3 392.7 363.4 353.9 342.3 334.7 325 318.7 319.6 316.3 307.1 311.2 297.7 291.8 289.8 287.9 281.1 276.8 273.7 268.3 262 254.1 191.9
340 355 381.7 405.7 432.8 465.1 497.1 511.4 508.1 497.6 474.4 448.4 437.3 428.6 433.5 450.2 461.4 471 469.4 465.4 460 457 460.4 452.3 460.7 445.1 428.4 400.4 385.8 382.5 386 390.6 394.2 407.4 436.1 461.8 478.3 482.8 483 485.7 470.9 457.3 449 462.8 468.4 466.9 468.1 473.1 478.5 476.6 471 461.6 454.2 440.4 442.2 437 422.6 413.7 391.2 360.4 345 337.6 332.8 329.6 319.5 313.8 311.8 314.6 316.5 313.7 312.1 313.1 301.6 292.2 280.8 277.4 267.3 262.1 258.9 243.7
351.3 367.7 394.4 422.9 457.5 478.6 502.4 525.1 517.4 500.4 480.1 458.5 443.6 434 436.9 449.1 462 466.3 470.7 472.5 475.6 478 477.5 478.1 492.6 469.8 464.2 439.1 409.9 395.2 393.2 393.3 405 416.8 432.4 451.4 465.4 479.9 486 480.7 477.8 467.4 454.6 471.1 482.9 468.6 470.9 478 482.2 472.9 467.6 460.3 449.7 449.1 443.4 438 430.4 418.6 384 359.1 345.5 338.2 331.6 328.6 317.4 315.4 314.6 315.3 321 328.6 334.1 330.6 322 305.7 292.1 282.4 273.4 265.6 263.8 254.6
359.2 379.3 405.2 436.5 465.4 497.6 517.7 527.1 523.1 508.4 488.6 465.2 447.4 440.5 444.1 450.9 457.9 466 475 482 491.6 489.4 493.4 496.6 503.5 490.9 481.4 456.1 428.3 409 406.3 407.6 425.6 435.7 445 458.1 470.6 481.1 492.5 484.4 476.7 469.9 458.4 472.5 481.3 475.7 475.4 476.1 481.3 482 472 456.9 446.5 445.2 441 432.9 421.7 405.6 389.6 370.4 363.7 337.2 329.5 324.2 315.4 313.2 313.2 314.2 320 329.2 348.4 345.9 340.8 329.8 308.5 292.1 273.3 265.8 261.8 257.3
364.4 385.9 415.6 447.3 475.7 507.7 538.8 550.5 538.4 525.6 502.7 479.6 456.3 448.2 448.1 449.6 455.1 465.5 482.3 496.3 510.9 511.2 507.9 515.1 513.8 507.9 497.5 475.7 442.9 428.3 425.7 432.4 448.1 461.9 456.2 469.3 480.7 500.6 508.4 501.9 483.1 472.5 464.5 464.3 468.9 480.2 481.2 480.2 473.3 479.8 469.9 453.2 457.3 445.5 441.6 428.5 415.2 401.2 385.9 370.5 355.2 338.5 328.9 322.2 319.8 313.7 320.9 319.7 318 324.4 334.1 341.9 345.3 340.2 327.6 308.6 283.4 267.8 262.5 268
372.7 397.1 427.2 458.6 489.3 520 548.4 571.6 561.7 536.7 518.4 498.4 474.1 459.3 456.3 456.4 458.2 466.8 479.7 494.4 521.1 522 520.1 520.6 520.3 507.7 500.6 480.4 460.9 445.7 448.3 448.2 454.4 471.5 473.7 479.5 503.3 533.3 528.4 515.5 493.8 481.5 470.1 466.6 473.7 479.5 479 473.4 475.5 469.8 457.7 457.1 466.2 457.3 447.9 442.2 415.2 399.5 381.6 360.1 350.2 340.8 327.3 322.6 321.2 322.5 323.9 329.9 327.4 328.2 330 329.1 334.8 334.4 333.4 321 302.9 292.7 285.1 275.6
382.1 407.9 441.2 470.9 503.4 534.6 566 585.5 579.1 556.3 530.1 513.2 496 480 472.1 467.5 466.8 469 485.5 495.3 514.2 524.9 520 516 513.8 509.9 507 496.5 489 480.6 464 460.8 463.9 475.5 484.1 493.3 522.3 546.6 545.1 532.3 508.5 492.8 477.7 480.7 478.4 481.1 473.4 473.8 473.8 475.2 469.1 462.6 462.3 456.6 448.9 438.3 417.4 404.7 380.8 355.1 342.3 340.9 332.4 325.6 324.7 328 325.7 340.3 347.3 342.1 336 330.4 332.2 333.7 330.2 321.4 314.6 312.9 302.8 291
391 419.6 448.3 479.5 512.8 542 574.1 591.4 591.8 572.7 552.4 531.2 516.2 501.6 489.8 480.5 476.9 475.3 492.2 515.5 518.5 527.2 521.3 513.8 512.8 508 510.8 515.3 512.9 506.3 485.4 484 486.5 488.5 496.4 514.3 523.3 542.7 551 542.1 527.5 509.4 491.3 489.3 481.7 488 475.4 473.9 475.6 479.1 480 477.8 461.6 449.4 442.3 430.7 419.8 405.7 381.7 358 339.7 336.2 337.2 335.1 340.1 335.6 332.9 343.8 354.5 355.7 353.3 342.1 334.2 331.4 329.5 326.6 319.8 318.6 321.3 315.4
399.1 426.1 454.8 483.9 515.5 546.1 573.6 591.9 596.3 591.8 577 559.6 539.5 521.6 510.8 501.2 493.8 490.4 509.7 526.8 524.7 522.9 518.9 517.9 520.3 517.8 522 531 532.2 539.1 521.6 513.8 524.6 516.3 515.5 529.1 538.5 543.7 549.5 551.5 544 534.2 517.4 497.2 493.7 497.5 492.7 474.5 472.9 479 477.3 471.1 470.2 466.5 455.7 443.1 416.8 410.1 382.4 359.7 340.6 335 335 336.6 339.6 339.4 340.1 347.5 353.9 361.3 371.3 357.9 347 339.5 334.3 325.3 324.5 324.6 323.5 324.7
399.8 424.8 458.8 487.7 516 545.8 571.2 589.5 596 600.4 595.9 583.6 567.7 546.8 531.6 524 515 513.9 518.1 529.8 525.9 518.7 517.8 517.8 517.8 517.9 533.3 541.3 549.3 556.7 557.3 554.1 554.8 549.6 556.1 560.2 574.9 557.3 561.8 561.3 570.6 546.3 536.5 510.7 501.1 503.5 503.3 495.7 479.7 473.1 472 475.1 477.6 479.2 461.3 437.5 421.7 409.3 386.6 370.8 343.9 335 335.1 335 337.5 337.6 343.4 350.2 351.5 354 367 383.8 370.8 353.5 341.2 329.3 323.9 323.2 328.2 330.4
397.9 425.5 458.9 489 516.5 543 566 581.4 591.5 602.8 606.6 601.1 591.7 576.8 559 545.8 539.6 538.2 537.2 537.3 530.8 517.8 517.8 517.8 517.8 517.8 529.1 552.5 570.4 573.9 580.9 577.3 587.8 587.2 588.5 586.2 595 583.7 575 577.6 583.8 561.9 549.2 529.5 517 506.3 511 508.8 498.7 481.8 473.4 466.4 467.7 466 455.2 433.8 417.6 407.5 389.4 379.2 355.3 341.9 336.6 338.1 335.7 338.9 346.8 354.4 355.8 360.7 369.8 388.2 383.5 373 362.2 342.7 329.8 326 328.3 335.7
395.5 423 456.5 485.4 512.6 536.4 556.4 572.7 585.6 599.1 610 616.9 612.9 602.8 590.1 574 561.7 557.8 552.6 544.8 534.6 518 517.8 517.8 517.8 517.8 530.8 548.7 573.8 586.5 607 607.1 608.8 609.5 612.9 603.5 607.7 595.6 585.7 596.6 597.7 569.9 545.6 538.6 525.7 515.6 515.6 512.7 510.6 508 495 475.4 476.1 462.6 446.9 429.8 414.9 399.1 384.6 373.5 354.6 345.6 343.5 341.6 335 343.1 344.8 351.1 359 368.9 371.8 378.6 375.8 369.2 363.8 358.3 342.2 334.2 335 333.5
392.9 415.3 452.7 481.4 506.2 527.3 548.2 564.5 578.9 590.8 615 633 636.7 628.6 615 604.3 590.9 579.8 568.5 554.5 541.2 519.8 517.8 517.8 517.8 521.6 534.5 557.5 579.6 594.4 604.9 630.4 639.1 633 628.4 619.2 615.9 605 597.5 593.2 591.3 570.7 538.1 535.8 527.4 523.6 517 517.2 526.6 524.3 510.8 504.8 484 477.5 469.8 451.8 427.4 404 388.1 365.7 356.5 347.2 342 340.4 335 341.8 344.8 349.3 364 373.1 378.7 378.1 379.1 371.2 369.5 363.1 358 348.7 343.3 339.3
389.8 411.6 446.4 472.9 495.5 517.2 537.8 558.2 574.3 597.8 618.8 631.5 646.2 651.6 641.9 631.8 625.6 611.3 595.6 575.6 553.2 528.4 517.8 517.8 518.7 527.5 540.4 565.2 588.7 608.6 620.8 642.4 648.5 642.7 642.5 641.9 632.8 620.5 608 596.5 583.2 576.7 542.2 541.7 548 536.5 530.1 522.8 527.8 522.5 514.7 510.8 506.7 493.2 490.7 471.2 436.5 426.9 410.4 389.1 382.2 365.6 353 343.3 346.1 353.2 348.3 346.5 360.7 365.6 378 389.5 389.6 375.1 372.6 374.6 360.2 356.7 355 350.7
382.8 407.4 437.3 462.6 485.4 506.3 527.5 551.9 572.1 599.7 618.5 628.4 642.4 662.7 664.2 656.3 659.8 644.7 625.6 599.2 571.1 543.2 521.8 520.4 527.8 536.1 557.3 582.8 601.6 619.8 640.7 663.8 667.9 652.2 651 655 644.5 639.2 623.9 605.9 589.5 579 551.5 541 553.3 546.8 529.5 521.9 524.6 522 509.2 512.8 505.3 502.4 499.4 484.1 453.6 448.2 423.6 411 405.1 392 377 361.9 358.7 356.7 361 353 360.1 370.3 376.4 379.9 384.7 383 383.7 372.7 360.4 360 353.2 357
378 401.3 424.9 451.2 474.6 496.1 518.1 542.5 565.7 591.4 611.3 621.3 632 645.7 660.1 680.8 681.3 671.4 651.2 622.6 591 561.6 537.5 533.2 539.3 552.2 577.7 602.2 625.6 642.1 669 687.3 688 671.3 668.5 667.6 657.4 644.3 633.1 621.6 603.9 581.4 547.2 547.4 550.3 551.2 533.6 515.2 513.1 510.8 506.8 500.3 500.7 500.7 504.4 491.5 464.2 452.9 440.2 442.6 439.9 432.8 411.1 387.8 380.3 379 361.3 353.5 361.1 366.8 375.1 379.3 379.5 375.1 373.8 371.2 367.9 359.7 353.7 352.3
370.2 391.8 414.1 440.8 464.5 486.8 508.9 531.8 554.3 579.8 596.9 612.2 623.2 634.7 646.3 665.1 683.3 693.5 672 643.9 610.2 578.3 553.2 549.2 556.8 572.2 594.3 613.7 634.6 660.2 690.3 703.7 700.2 684.3 681.4 681.7 671.8 649 634.2 619 606.6 571.7 545.3 547.2 546.2 548 538.3 520 510.8 512.1 508.5 507.5 501.7 499.9 494.9 494.1 475.4 456.1 449.5 464.4 450.1 448.4 447.9 423.4 399.9 385.4 378.7 368.5 368.4 367 371.8 373.8 374.3 372.9 372.5 371.5 364.6 361.6 352.8 351.7
361.8 380.1 405.7 431.6 453.3 476.5 496.3 519 541.2 565 588.2 602.2 617.6 627.5 641.1 658.6 670.1 682.5 691.9 660.8 629.3 597.4 572.4 568.7 578.9 595.3 614.9 635.3 650.2 673.5 700.5 709.5 708.8 699.8 698.2 689.7 677.4 652.8 632.7 618 603.4 558.2 546 545.8 547.6 545.9 538.8 528.4 532.9 532.2 516.1 511.8 503.6 506 497.9 484.7 479.4 465.6 457 462.4 452.3 446.8 443.9 428 415.2 399.8 382.8 381.9 375.2 369.3 372.5 377.6 373.2 372.4 372.4 382.5 381.3 372.3 356.2 357.2
354.3 372 394.1 419.6 442 464.9 483.9 505.7 529.3 548.8 568.5 594.6 612.8 623.6 636.4 658.5 669.5 681 692 680.8 649.7 623.1 601.1 598.9 606.8 632.7 647.7 664.7 680.2 692.2 714 723.3 719.9 713.2 705.7 701.9 688.8 651 629.3 615.6 593.4 551.7 545.5 546.5 548.2 543.9 537.2 535.3 550.3 553.5 548.5 527.4 518.3 512.1 511.6 489 483.6 467.8 465.5 467.9 453.5 459.1 455.7 436.5 421 405.6 390.8 390.2 378.9 373.5 372.9 375.6 374.1 374.6 373.5 377.1 385.3 391.4 370.2 365
349 365.7 388 410.7 431.7 451.6 472.2 494.2 510.3 525.6 550.6 581.9 606 618.1 634 654.9 670.2 682.9 700.8 694.3 671.4 654.1 638.1 643.4 658.7 674.3 679.9 696.2 712.6 722.6 731.9 732.5 727.3 719.2 712 708.8 680.6 647.8 621.4 608.2 582.4 551.5 544.9 544.9 548.2 543 537.6 544.9 545.9 561.4 568.7 552 538.7 528.8 526.8 502 486.3 478.3 467.8 460.1 459.8 463.8 456.2 445.1 425.9 417.6 401.3 399.5 388.8 378.9 373.6 372.5 373 377.8 381.7 389.5 385.6 390.9 386.2 373.4
343.8 358.8 380.8 399.9 421.3 439.4 459.9 474.8 486.4 511.5 538.7 569.9 594.9 611.6 623.5 643.4 662.7 684.1 703.4 710.7 699.8 685 676.1 674.4 692.1 709 715.3 726.5 742.7 752.9 751.8 749.4 737.2 725.3 718.8 691.5 662.8 638.1 620.3 605.4 572.6 552.2 544.9 544.9 545.2 546.4 549.9 554.5 550.4 558.7 569.3 574.6 559.8 542.6 538.4 510.7 485 473.6 473.1 467.6 462.6 473.5 459.1 444.1 430.8 420.5 410.1 406.3 400.3 384.5 379 375.9 376.2 379.9 383.6 400.1 404.8 397.6 402.3 386.2
339.6 351.3 371.1 389.1 408.6 426.3 442.9 454.6 477.8 504.8 529.8 557.5 581.5 601 618.2 632.4 652.1 679.6 707 720 727.9 719.4 709.5 707 722.8 748.4 750 755.5 755.8 757 762.7 762.9 753.1 734.6 709.5 675.2 652 633.8 621.7 608.3 572.2 549 544.9 544.9 545.7 548.8 552.6 560 555.8 560.6 566.1 576 564.6 553.9 548 517.6 491.5 479 478.1 468.4 459 453.9 445.9 440.9 438.3 433.7 431.5 419.2 410.1 395.1 390.3 386.8 382.5 385.2 387.6 395.3 413 401.9 406 404.3
334.2 344.9 361.4 378.6 394.4 411.7 423.7 445.5 466.8 495.2 519.9 543.5 563.6 587.3 607.9 618.7 637.2 664.3 691.7 715.7 728.8 735.8 739.5 742.5 748.8 753.8 755.4 756.6 756.5 759.5 764.3 765.8 762.6 737.4 705.4 674.5 644.4 628.1 613.6 607.9 574.1 548.7 544.9 544.9 546 548.5 554.2 559.3 567.3 561.4 569.3 575.6 564.4 551.2 538.6 519 492.4 481.3 481.5 476 466.6 452.5 444.5 438.2 435.5 441.4 438 432 420 405.6 402.9 396.4 393 390.8 393 401.2 409 405.5 404.2 412.3
330.3 338.8 351.9 366.6 380.3 394.2 417.1 437.1 457.9 483.6 508.3 529.6 548.5 571.4 594.8 605.4 625.5 646.2 670.1 698.7 720.8 733.5 738.8 742.4 747.7 751.1 753.8 755.7 758.8 761.5 764.7 765.7 757.7 733.6 699.4 671.7 638.9 607.7 594.2 581.6 565.9 552.1 546.7 551.5 548.7 547.7 555.8 560.7 571.2 571.3 578.8 578.1 560.3 538.5 521.7 505.6 498.4 488.3 491.4 483.9 475.1 456.4 448.1 442.8 437.5 443.8 442 436.7 430 418.8 414.4 411.9 408.3 402.5 403.2 402.8 416.5 420 404.2 407.2
324 331.9 341.6 355.1 373.2 389.9 408.1 429.1 450 473.3 494.9 513.8 534.2 555.2 574 590.3 608.9 633.5 652.2 683.4 712.1 731.2 736.9 740.1 744.6 749.2 752.4 755.9 760.5 767.9 770.4 765.6 757.5 730 696.6 673.2 643 602.5 585.9 573.8 563 559.8 555.3 552.4 550.6 552.2 556.7 561.5 574.2 578 584.9 587.9 562.2 529.4 517 505.2 494 492.5 501.9 494.8 472.7 455 449.1 447.1 440.8 440.6 439.9 437.8 432.1 424.6 421.5 419.2 417.6 412 412 411.8 415.9 426.6 419 407.1
320.5 327.8 336.7 348.4 365.1 382.2 399.2 415.5 439.9 463.9 484 500.6 518.2 536.7 552.2 569.3 591.4 617.4 644.8 674.3 708.1 729.5 735.5 738.3 743.1 749.3 754 759 764.3 772.1 770.4 765.7 760 729.4 696.7 671.5 646.8 609.9 587.3 574.7 568.6 562.7 558.5 557.3 566.5 556.8 558.1 562.2 573 588.5 588.5 582.7 569.2 525 510.6 508.7 500.5 496.8 500.5 492.6 474 456.5 453.1 456.7 448.6 445.8 444 437.8 429.9 431.3 432.2 428.2 427.9 429.7 426.7 426.8 422.4 424.8 425.4 416.2
316.8 323.3 329 341 357.5 373.4 391.1 407.2 427.5 450.9 469.7 487.1 501.5 518.2 535.3 557 583.8 609 638.7 666.9 698.4 730.1 734.8 736.1 743.3 750.8 756.5 757.7 766.8 773 768.2 766.1 758.9 735.6 704.1 679.3 664.6 626.4 596.5 586.3 574.6 565.2 563.1 565 569.1 574.3 565.8 566.8 577.6 587.2 584.3 570.5 546.2 514.5 511.1 515.1 508.2 499 504.5 486.7 469.6 457.2 458.3 463.1 467.5 466.4 454.3 448.7 444.2 441.6 440 440.5 441.3 439 439.8 440.8 440 436.3 426.8 424
310.4 315.9 323.3 334.5 350.8 367.6 386 404.5 424.8 443 458.3 473.3 489 502.2 524.8 545.8 572 600.4 623.2 648.6 682.4 717.5 730.9 731.7 737.4 748.8 753.6 758.2 764.5 768.4 767.7 765.7 761.7 746.6 714.9 685 669.1 642.6 612.8 596.4 582.9 574 571.8 573.5 577.4 587.4 586.6 580.7 588.4 582.2 568.1 555.1 533.5 511.3 510.3 517.8 516.5 506.3 507.5 494.3 477.7 470.5 465.1 468.4 475.3 479.4 487.8 460.7 454.6 455 455.6 453.7 454.3 455 463.4 465.2 460.9 458.2 452.8 449.1
